0 0.34700315135135135 0.8806403157894737 0.5148142905405405 0.9168367348178138 0.5109520081081081 0.9074082631578947 0.27863372702702704 0.8438838076923078 0.2895181513513514 0.8563083400809717 0.34700315135135135 0.8806403157894737
0 0.4465213567567568 0.04564404858299595 0.6568076445945946 0.09782320850202429 0.656245704054054 0.08513449797570849 0.39191524459459465 0.008535305668016194 0.4017727675675676 0.026940692307692308 0.4465213567567568 0.04564404858299595
0 0.2693538635135135 0.702402455465587 0.28289753648648647 0.6873678906882591 0.29881162972972974 0.7064122206477733 0.33213167837837837 0.7198504574898785 0.5227998972972973 0.7665771153846154 0.5397408918918919 0.7796405890688259 0.5673901783783785 0.7622601720647774 0.5641511662162162 0.7571824372469635 0.5358786094594594 0.7702121153846153 0.5245114013513513 0.7566090263157895 0.4866444675675675 0.7377295506072875 0.30313887432432435 0.6971711295546559 0.279377554054054 0.6759458016194333 0.27263638243243243 0.6792940951417004 0.2672822364864865 0.6945160404858299 0.2693538635135135 0.702402455465587
0 0.5163732391891892 0.6603532105263158 0.2791044445945946 0.6017191093117409 0.28117607027027025 0.6096055222672064 0.3412768135135135 0.6346644979757086 0.5178394202702703 0.6837370101214575 0.578062822972973 0.69212004048583 0.5742005405405405 0.6826915668016195 0.5163732391891892 0.6603532105263158
0 0.5658998621621621 0.2521898582995951 0.621234081081081 0.25712527125506074 0.6381750756756757 0.27018874493927125 0.6403693621621622 0.26139921255060733 0.6324429824324325 0.24770806275303645 0.4366046081081081 0.19118943117408907 0.3727385621621621 0.18806025506072874 0.36274055270270267 0.16648269230769233 0.35730725405405406 0.170194487854251 0.3719926297297297 0.20038546558704454 0.3874061135135135 0.1984031113360324 0.5658998621621621 0.2521898582995951
0 0.285926872972973 0.7654937631578946 0.29337047027027024 0.7780063522267205 0.32373247567567565 0.7927112085020243 0.45321172027027024 0.8286977165991902 0.5432351918918918 0.8390968947368421 0.5446043932432433 0.8311224230769231 0.5099151432432432 0.8256586578947369 0.4589694972972973 0.8031441821862347 0.3422266635135135 0.7727862935222672 0.3094685554054054 0.7720367631578948 0.27944884864864866 0.7553382894736842 0.2679589783783784 0.7584111437246963 0.2644568202702703 0.7668371720647773 0.285926872972973 0.7654937631578946
0 0.29583365810810813 0.5322179170040486 0.3181287986486486 0.530059447368421 0.3765180391891892 0.5650865141700405 0.5668439594594595 0.6138067894736842 0.5955557932432433 0.6301417631578947 0.6090381364864865 0.6234451720647773 0.6107496378378378 0.6134770829959514 0.5989174662162162 0.6185435546558704 0.5806072702702703 0.613454552631579 0.5666243189189188 0.5991244615384616 0.5169865445945946 0.576973487854251 0.3367812945945946 0.5331548299595142 0.3146088162162162 0.5186373562753037 0.29672007432432435 0.5230648866396761 0.29583365810810813 0.5322179170040486
0 0.4073565175675676 0.11413153441295547 0.4360683527027027 0.130466508097166 0.5805574499999999 0.17480225303643723 0.6041604608108108 0.17300728137651822 0.6548251364864865 0.1891774028340081 0.6486894121621621 0.1770283137651822 0.5801181716216216 0.1454375991902834 0.43625234324324325 0.10545259109311741 0.406452277027027 0.10343644331983806 0.38836172027027027 0.11302976923076923 0.3689454675675676 0.10241147368421052 0.3706747945945946 0.112291504048583 0.38272660405405406 0.12190735829959513 0.4073565175675676 0.11413153441295547
0 0.4294105445945946 0.45655054858299593 0.29409436756756757 0.43460742712550604 0.37037235 0.46520696356275304 0.5289670608108108 0.5071968542510121 0.6022691756756757 0.5192148866396762 0.620983004054054 0.5139722955465587 0.6207020337837837 0.5076279412955466 0.4294105445945946 0.45655054858299593
0 0.35040201891891887 0.3740176194331984 0.3638843608108108 0.36732103036437247 0.5358387527027026 0.41929027530364377 0.5672889918918919 0.4196763056680162 0.6179536662162162 0.4358464271255061 0.622904181081081 0.43095607287449395 0.6193841986486487 0.4195339817813765 0.40915924189189185 0.35901685222672064 0.3659381635135135 0.3553593198380567 0.35457095405405403 0.34175623076923073 0.33233714459459457 0.33557672874493927 0.3159580905405405 0.335201963562753 0.3090942581081081 0.35522620242914976 0.3124737540540541 0.36347611740890684 0.35040201891891887 0.3740176194331984
0 0.6419503445945945 0.3359894048582996 0.5720712324324324 0.3040351923076923 0.4196735783783784 0.26585641902834006 0.39442039459459455 0.269281508097166 0.33618946351351353 0.25727474089068825 0.3304138621621622 0.2629801538461538 0.4083420162162162 0.2919495708502024 0.5290084635135135 0.3233979615384615 0.6356919581081082 0.34051625910931177 0.6419503445945945 0.3359894048582996
0 0.363663177027027 0.8873594352226721 0.3580102364864865 0.8763889028340082 0.3558159486486487 0.8851784331983805 0.363663177027027 0.8873594352226721
0 0.49519622297297294 0.9113842348178138 0.505378222972973 0.9079478805668016 0.5092405054054053 0.9173763522267206 0.5161221621621622 0.9172002348178138 0.5148756202702703 0.9084987631578947 0.4931245972972973 0.9034978218623482 0.49519622297297294 0.9113842348178138
0 0.26708252567567564 0.8552946336032389 0.24652100135135135 0.9132869291497976 0.2470175364864865 0.9134249311740891 0.27430648243243244 0.8531248987854251 0.28792930945945944 0.8496004858299595 0.2781509418918919 0.8427052489878543 0.26708252567567564 0.8552946336032389