0 0.5724148263888889 0.6505285234375 0.5726229305555556 0.6406179453124999 0.5517195503472222 0.6268013671875 0.5523523385416667 0.64007690625 0.5724148263888889 0.6505285234375
0 0.5673312986111111 0.43680597395833337 0.524377859375 0.4529291927083334 0.5316273628472222 0.46582425260416666 0.5673312986111111 0.43680597395833337
0 0.46106886979166667 0.5702330572916666 0.46747323958333337 0.558259515625 0.42062537499999997 0.531940234375 0.4362795486111111 0.5569812682291667 0.46106886979166667 0.5702330572916666
0 0.49098425347222224 0.480449296875 0.5051605052083333 0.4673461822916667 0.5014826666666666 0.4580003854166667 0.4252375503472222 0.48593659635416664 0.43080527256944445 0.492101734375 0.49098425347222224 0.480449296875
0 0.16263382465277776 0 0.16089182118055556 0.008254580729166667 0.16561865277777776 0.011054755208333334 0.15574878819444446 0.025275567708333335 0.15459786631944444 0.047528296874999994 0.15176091840277778 0.04154746354166667 0.14840159548611112 0.049591260416666665 0.15334077083333333 0.06398449739583333 0.1378054965277778 0.109250921875 0.14106288888888888 0.11691423958333334 0.12782945833333334 0.117675203125 0.07345175520833333 0.25460404947916665 0.05278193229166667 0.35989874739583333 0.04858171875 0.36457758333333334 0.043642543402777775 0.35018434375 0.037132 0.3563613567708333 0.012780095486111111 0.43080661458333336 0 0.4270272109375 0 0.7514862526041667 0.00226315625 0.7528269479166667 0.007904557291666666 0.7389680130208333 0.004928616319444444 0.7544059661458333 0.049864203125 0.7810258255208334 0.041306649305555554 0.7544551953125 0.03677943402777778 0.6987371536458333 0.028166663194444448 0.6965017630208333 0.008635032986111112 0.7150328020833333 0.021443776041666668 0.6910857135416667 0.08756850173611111 0.4722444713541667 0.09239301909722222 0.4378338932291667 0.08745384375 0.42344065625 0.10992010763888889 0.3736797005208334 0.14740775520833335 0.3356842291666667 0.1960053923611111 0.18099718229166664 0.18055931944444445 0.1460455703125 0.19178396527777777 0.07815780729166667 0.21382553993055556 0.005210723958333333 0.21308179166666666 0 0.16263382465277776 0
0 0.30576290277777773 0.7276428567708333 0.29294143229166664 0.6870790156250001 0.27045819965277773 0.6508254036458333 0.19419187152777778 0.5712434036458334 0.11068452256944444 0.5217736276041667 0.09167527083333332 0.52628003125 0.08054831076388888 0.5569570442708334 0.07551144965277777 0.5797745598958334 0.08780205729166667 0.5913557447916666 0.08234474826388888 0.61249078125 0.08959425520833333 0.6253858411458334 0.080459109375 0.6371750807291666 0.09085983333333333 0.6519369270833334 0.08613724479166668 0.6706403932291667 0.1055711875 0.689320109375 0.09559514930555556 0.6977443854166667 0.106102046875 0.7183027604166666 0.10211417708333333 0.73457465625 0.11367006597222222 0.7485874140625 0.10978836979166667 0.7706558411458334 0.12123808854166668 0.7788720651041667 0.11756449305555555 0.7910299114583333 0.12891228124999998 0.8149532473958333 0.12418799479166667 0.8250552604166667 0.400268046875 0.9886051614583334 0.4337920173611111 0.9877274166666666 0.3957085590277778 0.9371682291666666 0.33782718055555555 0.8828115625 0.2591528350694444 0.8419384921874999 0.25820577256944444 0.8327769973958333 0.27931725347222225 0.8366829947916666 0.28960756597222226 0.8241446666666666 0.30587755729166666 0.776446671875 0.30576290277777773 0.7276428567708333
0 0.96549784375 0.45623525260416664 0.9834005156250001 0.44892296354166666 0.984025140625 0.43104513802083333 0.9640241631944444 0.43959475 0.9583545121527778 0.4491367239583333 0.96549784375 0.45623525260416664
0 0.977437220486111 0.6196026354166667 0.9823193802083333 0.4798668984375 0.9694941979166667 0.482970640625 0.9614080451388889 0.48821426041666666 0.9565835277777778 0.5226248385416666 0.9430400659722221 0.5490034973958333 0.9406405347222222 0.6307197135416667 0.9496864791666666 0.6991485104166667 0.9513057309027777 0.7060853749999999 0.977437220486111 0.6196026354166667
0 0.4658891440972222 0.5143188385416667 0.44130792534722224 0.49115646614583336 0.43322177430555553 0.4964000859375 0.42566647916666667 0.5306263619791667 0.46621190277777774 0.5532120729166666 0.4658891440972222 0.5143188385416667
0 0.421156234375 0.560922890625 0.4217932673611111 0.5957020755208333 0.3845179635416667 0.6452906041666667 0.3741257239583333 0.6735360442708332 0.44440812673611113 0.7667740677083333 0.45700452604166664 0.731233921875 0.46916775000000005 0.6295003645833334 0.45193796527777774 0.6035259427083334 0.4521418246527778 0.57211171875 0.4275606059027778 0.5489493463541667 0.421156234375 0.560922890625
0 0.6224903871527778 0.5339856223958334 0.6151347100694444 0.51529403125 0.6172157274305555 0.4161882239583334 0.6064922430555556 0.36253314583333335 0.5969366510416667 0.3726399036458334 0.5787810173611111 0.4450222005208333 0.5924391336805556 0.467447359375 0.5851981145833334 0.49755958333333333 0.5439222152777777 0.49890908333333334 0.5364773350694444 0.5604355286458333 0.5514010329861111 0.6094117734375 0.600554984375 0.612729234375 0.6182944166666666 0.5601681015625 0.6224903871527778 0.5339856223958334
0 0.59533075 0.0033025546875 0.48141169097222225 0.40454148697916664 0.4848814288194444 0.4237978619791667 0.5202710902777778 0.39889363281249995 0.6292596336805556 0.023402036458333334 0.59533075 0.0033025546875