0 0.5718954248366013 0.5698529411764706 0.5759803921568627 0.5808823529411765 0.5964052287581699 0.5796568627450981 0.5939542483660131 0.571078431372549 0.5718954248366013 0.5698529411764706
0 0.5016339869281046 0.43504901960784315 0.511437908496732 0.4424019607843137 0.5351307189542484 0.39950980392156865 0.5016339869281046 0.43504901960784315
0 0.43137254901960786 0.5551470588235294 0.45179738562091504 0.5686274509803921 0.477124183006536 0.5674019607843137 0.4795751633986928 0.553921568627451 0.43137254901960786 0.5551470588235294
0 0.48856209150326796 0.4571078431372549 0.48284313725490197 0.45098039215686275 0.42320261437908496 0.5134803921568627 0.4297385620915033 0.5159313725490197 0.4795751633986928 0.47549019607843135 0.48856209150326796 0.4571078431372549
0 0.6674836601307189 1 0.6715686274509803 0.991421568627451 0.6495098039215687 0.9852941176470589 0.6119281045751634 0.9534313725490197 0.5988562091503268 0.9558823529411765 0.5171568627450981 0.9142156862745098 0.45179738562091504 0.8970588235294118 0.37173202614379086 0.9019607843137255 0.3684640522875817 0.8946078431372549 0.3880718954248366 0.8872549019607843 0.3937908496732026 0.8713235294117647 0.3954248366013072 0.8223039215686274 0.38235294117647056 0.7806372549019608 0.3602941176470588 0.7524509803921569 0.33088235294117646 0.7328431372549019 0.2426470588235294 0.7034313725490197 0.15604575163398693 0.7034313725490197 0.14052287581699346 0.7169117647058824 0.1388888888888889 0.7487745098039216 0.14052287581699346 0.7708333333333334 0.15441176470588236 0.7745098039215687 0.15522875816993464 0.7953431372549019 0.1650326797385621 0.8026960784313726 0.16013071895424835 0.8174019607843137 0.17320261437908496 0.8247549019607843 0.17401960784313725 0.8431372549019608 0.19607843137254902 0.8492647058823529 0.1895424836601307 0.8615196078431373 0.2042483660130719 0.8737745098039216 0.20506535947712418 0.8897058823529411 0.21895424836601307 0.8958333333333334 0.22140522875816993 0.9166666666666666 0.23366013071895425 0.9178921568627451 0.23366013071895425 0.9301470588235294 0.25 0.9448529411764706 0.24836601307189543 0.9571078431372549 0.2099673202614379 0.9730392156862745 0.1772875816993464 0.9632352941176471 0.1568627450980392 0.9375 0.1380718954248366 0.8921568627450981 0.12990196078431374 0.8946078431372549 0.11764705882352941 0.9203431372549019 0.12254901960784313 0.8933823529411765 0.12254901960784313 0.6727941176470589 0.11764705882352941 0.6409313725490197 0.10947712418300654 0.6311274509803921 0.11601307189542484 0.5772058823529411 0.1388888888888889 0.5257352941176471 0.14052287581699346 0.36887254901960786 0.11764705882352941 0.34681372549019607 0.10947712418300654 0.28308823529411764 0.10947712418300654 0.20955882352941177 0.09967320261437909 0.18995098039215685 0.10457516339869281 0.18259803921568626 0.09803921568627451 0.06985294117647059 0.12418300653594772 0.05024509803921569 0.12254901960784313 0.006127450980392157 0.0008169934640522876 0 0 0.19975490196078433 0.06045751633986928 0.19975490196078433 0.06372549019607843 0.23897058823529413 0.06862745098039216 0.23897058823529413 0.06372549019607843 0.25612745098039214 0.06862745098039216 0.2757352941176471 0.06454248366013073 0.27205882352941174 0.06372549019607843 0.2806372549019608 0.0718954248366013 0.29044117647058826 0.07026143790849673 0.33700980392156865 0.07516339869281045 0.34191176470588236 0.06372549019607843 0.3492647058823529 0.05228758169934641 0.49387254901960786 0.06209150326797386 0.5943627450980392 0.059640522875817 0.6004901960784313 0.051470588235294115 0.5906862745098039 0.04738562091503268 0.5992647058823529 0.0457516339869281 0.6752450980392157 0.031862745098039214 0.678921568627451 0.01715686274509804 0.7181372549019608 0 0.7267156862745098 0 0.7855392156862745 0.04656862745098039 0.7941176470588235 0.05065359477124183 0.8026960784313726 0.05555555555555555 0.9963235294117647 0.1184640522875817 0.9975490196078431 0.12336601307189543 0.9411764705882353 0.12745098039215685 0.9816176470588235 0.15441176470588236 1 0.6454248366013072 1 0.6674836601307189 1
0 1 0.06985294117647059 0.8848039215686274 0.20098039215686275 0.8823529411764706 0.21200980392156862 0.8905228758169934 0.21446078431372548 0.9910130718954249 0.10294117647058823 1 0.08946078431372549 1 0.06985294117647059
0 1 0.20220588235294118 0.9509803921568627 0.22916666666666666 1 0.17279411764705882 0.9991830065359477 0.14950980392156862 0.9011437908496732 0.23529411764705882 0.8954248366013072 0.24387254901960784 0.9003267973856209 0.2757352941176471 0.8954248366013072 0.30514705882352944 0.9150326797385621 0.3762254901960784 0.9411764705882353 0.43014705882352944 0.9795751633986928 0.49019607843137253 1 0.5012254901960784 1 0.20220588235294118
0 0.4387254901960784 0.5098039215686274 0.43300653594771243 0.5183823529411765 0.4354575163398693 0.5514705882352942 0.477124183006536 0.5502450980392157 0.4665032679738562 0.5171568627450981 0.4387254901960784 0.5098039215686274
0 0.5 0.6139705882352942 0.47794117647058826 0.6004901960784313 0.46977124183006536 0.5735294117647058 0.44199346405228757 0.5661764705882353 0.4395424836601307 0.5796568627450981 0.4493464052287582 0.6090686274509803 0.4297385620915033 0.6703431372549019 0.42810457516339867 0.6997549019607843 0.5147058823529411 0.7438725490196079 0.5163398692810458 0.7071078431372549 0.5 0.6139705882352942
0 0.6127450980392157 0.4791666666666667 0.6094771241830066 0.45465686274509803 0.5980392156862745 0.4424019607843137 0.5735294117647058 0.35661764705882354 0.5498366013071896 0.3161764705882353 0.5441176470588235 0.32965686274509803 0.5473856209150327 0.4007352941176471 0.565359477124183 0.41299019607843135 0.5669934640522876 0.4424019607843137 0.5310457516339869 0.4644607843137255 0.5408496732026143 0.5208333333333334 0.5669934640522876 0.5551470588235294 0.6111111111111112 0.5330882352941176 0.6127450980392157 0.4791666666666667
0 0.44689542483660133 0 0.4444444444444444 0.00857843137254902 0.45098039215686275 0.41544117647058826 0.4591503267973856 0.43014705882352944 0.48366013071895425 0.3909313725490196 0.4795751633986928 0 0.44689542483660133 0