0 0.8577992848664687 0.30952149404761903 0.8466956023738872 0.31444217460317464 0.8393924925816024 0.3290983511904762 0.8010465890207715 0.362972998015873 0.8291888724035608 0.3519910615079365 0.8580026083086054 0.33280365476190477 0.8577992848664687 0.30952149404761903
0 0.28354704747774484 0.4143077817460318 0.27380075519287833 0.404476369047619 0.1096140237388724 0.4091294027777778 0.10983531008902077 0.43446844444444443 0.27692587240356087 0.4219588591269841 0.28354704747774484 0.4143077817460318
0 0.7872168086053412 0.31101001587301585 0.8574305133531158 0.2672944642857143 0.8572759243323442 0.249592875 0.8550688664688427 0.25214323412698414 0.8298789243323442 0.26082379563492064 0.8210910059347182 0.27564146626984126 0.7856628902077152 0.3032579642857143 0.7872168086053412 0.31101001587301585
0 0.2232491409495549 0.5723563472222223 0.2708148991097923 0.5731236904761904 0.28433368545994064 0.5894757202380952 0.2894700504451039 0.5819861369047619 0.2825724376854599 0.5579830337301588 0.24384643323442137 0.5483331785714285 0.2097994614243323 0.5639178650793651 0.11113937240356084 0.5837935337301587 0.11138035163204749 0.6113875376984127 0.159592353115727 0.6010628511904762 0.2232491409495549 0.5723563472222223
0 0.17058864985163205 0.3285704761904762 0.22853080267062315 0.3262289722222222 0.2688452833827893 0.3475876488095238 0.2851436394658754 0.34185444047619046 0.297548559347181 0.31575190873015874 0.29223942136498515 0.30345762896825396 0.2864383991097923 0.3199306964285714 0.2672049762611276 0.32994366666666664 0.23134492581602373 0.30810050793650795 0.10855653115727003 0.2880385138888889 0.10881647329376855 0.31780375793650795 0.17058864985163205 0.3285704761904762
0 0.25743536943620177 0.7429014722222222 0.2957467195845697 0.7050700535714285 0.3091445652818991 0.707573378968254 0.3098092225519288 0.6985898928571429 0.29414096735905043 0.6913828452380952 0.2809158946587537 0.7086633849206349 0.20857485311572702 0.764057873015873 0.11364834569732937 0.8710901646825397 0.11387678635014838 0.8972483452380953 0.22218002670623144 0.7903018353174602 0.25743536943620177 0.7429014722222222
0 0.8111912982195846 0.5886100158730159 0.8061413204747775 0.6059915297619047 0.8087054436201779 0.6443278214285714 0.8289490697329377 0.6648990912698413 0.8467667922848665 0.6629611607142858 0.8607861023738873 0.6515350317460317 0.8602122492581602 0.5858243432539683 0.8489589317507418 0.5736107876984127 0.8266867789317507 0.5760332003968255 0.8111912982195846 0.5886100158730159
0 0.4174158071216617 0.8522383115079365 0.4064784198813056 0.8762009623015873 0.4026632522255193 0.9498857380952381 0.3973139272997032 0.9833543055555556 0.4133536275964392 0.9827301765873017 0.41250404747774483 0.8854469166666666 0.4174158071216617 0.8522383115079365
0 0.8261307848664688 0.0018166805555555555 0.8106525801186942 0.016371878968253966 0.7712537982195846 0.09986768055555556 0.7394945148367953 0.1221344761904762 0.7293254480712167 0.14898395833333333 0.730370206231454 0.18352497222222222 0.7431897833827893 0.2049037142857143 0.7714702863501484 0.20974886904761905 0.7869657670623146 0.19717205357142856 0.7971866646884272 0.17625773015873014 0.7998798471810089 0.14428055952380953 0.7861364554896142 0.10220950992063492 0.8196996602373887 0.03123000595238095 0.8261307848664688 0.0018166805555555555
0 0.7546669272997033 0.9234819186507937 0.7123838724035608 0.8468899166666667 0.7015582670623146 0.7985607182539682 0.6873575459940653 0.7892137896825397 0.6755136201780415 0.7944625158730159 0.6971556691394659 0.8049803611111112 0.7203953516320475 0.9133475813492063 0.7369834629080119 0.9521388293650793 0.763947002967359 0.9492061626984126 0.7546669272997033 0.9234819186507937
0 0.26318951928783385 0.9885732876984127 0.28803745994065283 0.9876064166666666 0.3059087077151335 0.9326854583333333 0.3256248545994065 0.8077645853174603 0.34480644658753706 0.7918164543650793 0.34248420474777447 0.7811775734126984 0.3152830163204748 0.8148302043650794 0.309689321958457 0.8550439067460318 0.2676146350148368 0.9724952619047619 0.26318951928783385 0.9885732876984127
0 0.6447603887240356 0.9621694047619047 0.6223114940652819 0.9141142718253968 0.6192036543026705 0.8986101686507936 0.6291999465875371 0.8519768234126984 0.622319612759644 0.8299521031746032 0.6067895771513353 0.8385721448412699 0.590103 0.8849430218253969 0.5910268160237389 0.9056353313492064 0.6165277492581602 0.9325657242063492 0.6290625103857567 0.9638767718253969 0.6447603887240356 0.9621694047619047
0 0.6618071231454006 0 0.6589773367952523 0.00712527380952381 0.6344957655786351 0.0969196746031746 0.6060862032640949 0.16238798214285713 0.6091940430267062 0.1778920853174603 0.6173345816023739 0.17403628769841267 0.6172136409495549 0.16018758134920633 0.6697338323442137 0.04754092658730159 0.6875059851632047 0 0.6618071231454006 0
0 0.18960559050445103 0.013620164682539683 0.16033540504451038 0.016803714285714286 0.28744756231454005 0.18021221825396827 0.2877412759643917 0.21384478571428572 0.2975221231454006 0.22763297023809526 0.3377156617210682 0.23514294246031747 0.36205089614243324 0.21368361706349207 0.36481318694362014 0.18961999206349206 0.3519936127596439 0.168241251984127 0.3311371602373887 0.162588625 0.29403418249258156 0.16860436904761905 0.18960559050445103 0.013620164682539683
0 0.5514591958456974 0 0.5023822151335312 0.11524943650793651 0.5200789955489614 0.09946280158730159 0.5648492774480712 0 0.5514591958456974 0
0 0.5034244065281899 0 0.4642517566765579 0.08870255158730159 0.46578839762611274 0.09447621626984128 0.4782969821958457 0.08024400396825396 0.5162409777448072 0 0.5034244065281899 0
0 0.8424688976261128 0.8515538392857143 0.8626411617210683 0.8639535138888889 0.8623345830860535 0.8288479087301588 0.851187709198813 0.828822625 0.8467851097922848 0.8352422658730159 0.8340346424332344 0.8217770694444444 0.8331626587537092 0.8070199206349207 0.8183318338278932 0.8106132480158731 0.8047784910979229 0.7903044464285714 0.7898958353115728 0.787962617063492 0.7494258590504451 0.7487984623015873 0.6972328976261127 0.7287317380952382 0.7197642106824926 0.7559851190476191 0.7511352744807122 0.7743559900793651 0.8424688976261128 0.8515538392857143
0 0.8196611468842729 0.7926462777777777 0.8344746958456972 0.7870745615079365 0.8524133590504451 0.7989853353174603 0.8621551913946587 0.8083061944444444 0.8618927062314541 0.7782496984126984 0.756297034124629 0.6846826289682539 0.727230934718101 0.674972253968254 0.8217069510385756 0.7716309781746032 0.8196611468842729 0.7926462777777777