0 0.2776719417475728 0.07890252801724139 0.26121481553398057 0.037151849137931035 0.24248720873786406 0.04005485129310345 0.24703710355987052 0.05771857543103448 0.25899457119741104 0.06667032543103447 0.28663172330097086 0.1185737974137931 0.2776719417475728 0.07890252801724139
0 0.34008171359223305 1 0.3347562475728155 0.8739681487068967 0.328513998381877 0.8652110021551723 0.32049288996763753 0.8805012607758621 0.32239729773462783 1 0.34008171359223305 1
0 0.21538094660194174 0.09936368318965517 0.2379122928802589 0.1477364978448276 0.2442369223300971 0.14459504310344828 0.20782005339805826 0.045428681034482755 0.1927416375404531 0.0477660150862069 0.19620955177993527 0.05263109698275863 0.2032917216828479 0.08827129956896552 0.21538094660194174 0.09936368318965517
0 0.47453324919093853 1 0.457460359223301 0.9349067586206897 0.4580864077669903 0.8656557866379311 0.47142746278317155 0.844138224137931 0.4653169708737864 0.8375217112068966 0.44573366828478966 0.8502821314655172 0.4378606860841424 0.9076901012931035 0.4505756925566343 0.9554235043103448 0.45569511650485434 1 0.47453324919093853 1
0 0.2576719190938511 1 0.25665354368932036 0.9552289331896552 0.2740793478964401 0.8941791012931035 0.2694018220064725 0.8711325107758621 0.24810566990291263 0.8560646594827586 0.23807519093851134 0.8651832155172414 0.25151499676375405 0.8717441228448276 0.2596842330097088 0.8985715754310345 0.24186315533980582 0.9531995021551724 0.23762687055016182 1 0.2576719190938511 1
0 0.6738562265372169 0.9759193663793104 0.6352745453074434 0.9116655387931034 0.5966022281553398 0.8657947693965518 0.5657368834951456 0.8143917068965517 0.5677792588996764 0.7946255732758621 0.5604499417475728 0.7946811745689655 0.5545699611650485 0.8182837737068965 0.5686685550161812 0.8355478620689655 0.613863004854369 0.934434125 0.6456787055016182 0.9802872219827586 0.6738562265372169 0.9759193663793104
0 0.5313816925566344 0.017963857758620687 0.5245926877022654 0.004064935344827586 0.4770392766990291 0.003696456896551724 0.4697770469255664 0.004822189655172414 0.4584838106796116 0.024941786637931035 0.46046017475728157 0.05705133189655172 0.47072116343042075 0.07815188577586207 0.484902139158576 0.08351737284482758 0.5161793948220065 0.07542743318965517 0.532962783171521 0.04365149353448276 0.5313816925566344 0.017963857758620687
0 0.8299061893203884 0.40714258405172415 0.7774315339805825 0.428243150862069 0.7416578851132687 0.42946637715517244 0.7259121877022654 0.4383903297413793 0.7259615631067962 0.4524295689655173 0.7440625275080907 0.4420599892241379 0.8462776682847897 0.43485965086206896 0.9820445566343042 0.40357435775862066 0.9805827038834951 0.37982396767241383 0.8299061893203884 0.40714258405172415
0 0.981795205501618 0.6028103943965517 0.8242728203883495 0.6068333599137931 0.7129001262135922 0.6240974676724138 0.6858063754045308 0.6207336163793103 0.7053566731391585 0.6339110344827587 0.7654735355987055 0.6310753771551725 0.8230209902912622 0.6394433103448276 0.9810479029126213 0.6272375258620689 0.981795205501618 0.6028103943965517
0 0 0.13727595905172413 0.0038518559870550167 0.14403907327586207 0.0719731925566343 0.19182806896551724 0.09013990129449839 0.23547480387931036 0.11204546601941746 0.24720659698275863 0.14022628478964402 0.24175770258620688 0.15766846116504854 0.22068494181034481 0.16162145469255662 0.17901203879310346 0.15136046601941747 0.15791148275862069 0.13429719417475727 0.14542907543103448 0.10820812621359224 0.14515107327586207 0.07388380906148867 0.16992129741379308 0.015974087378640776 0.12919361853448275 0 0.1251963900862069 0 0.13727595905172413
0 0.8977650760517799 0.027082355603448273 0.9232652330097086 0.007154148706896552 0.8913467330097087 0.006906821120689655 0.743931569579288 0.12224338793103448 0.6814428042071197 0.19243958189655172 0.6420126828478965 0.21367914655172415 0.6343868462783171 0.2353913168103448 0.6386691003236246 0.25201599568965516 0.6472502475728156 0.21935044181034483 0.7356633139158576 0.1732294504310345 0.8977650760517799 0.027082355603448273
0 0.7839198624595469 0.824872448275862 0.9729711456310679 0.8912431487068965 0.9736400226537216 0.8693794849137931 0.9474046779935275 0.8600400172413792 0.7514404190938511 0.7737195905172414 0.6495217993527508 0.7592633620689655 0.6365102718446601 0.7331865215517241 0.6278303737864077 0.7377736012931034 0.6552863932038835 0.7734972004310344 0.6880953640776699 0.7770556573275862 0.7839198624595469 0.824872448275862
0 0.9650630809061489 0.12768011422413791 0.9630716488673139 0.09532575646551723 0.7362888300970873 0.3157624568965517 0.723639567961165 0.3220453663793103 0.6855930339805826 0.31281561422413795 0.6676238284789644 0.32532582974137936 0.6746566229773463 0.34692679094827583 0.7124890177993528 0.3659145086206897 0.7293711569579288 0.36221704310344827 0.7513427346278317 0.32207316163793104 0.8597180080906149 0.22963658405172413 0.9650630809061489 0.12768011422413791
0 0 0.3669157974137931 0.06956801779935275 0.3910184331896552 0.12298134627831715 0.42487939655172413 0.13563060517799352 0.41859648922413795 0.13248479449838188 0.4071982974137931 0.12118611488673138 0.40894972629310344 0.02928160355987055 0.3453978685344828 0 0.32997224137931036 0 0.3669157974137931
0 0.06292234142394822 1 0.13752352265372167 0.8861725862068965 0.1649631715210356 0.8819191099137931 0.17621247572815535 0.8661284418103449 0.18233960194174756 0.8068300387931034 0.16483168122977346 0.7738864849137931 0.14519900000000002 0.7726076659482759 0.12775682524271845 0.7936804245689655 0.1231450436893204 0.8246501487068966 0.12805308090614886 0.8779158469827586 0.036967300970873786 1 0.06292234142394822 1
0 0.6072767233009708 0.1920503879310345 0.6222648818770227 0.14434478017241378 0.6841162491909385 0.005301043103448276 0.6681956812297735 0.005177678879310345 0.6609541003236246 0.01840864655172414 0.6489142524271845 0.021355497844827587 0.651845925566343 0.042511655172413794 0.6352766763754045 0.06452962931034482 0.6333660582524272 0.08643640086206897 0.6014133786407767 0.14973807327586205 0.5850416326860841 0.2279129978448276 0.6072767233009708 0.1920503879310345
0 0.5491034854368932 0.14704143534482758 0.5411811294498381 0.1904101702586207 0.6200416391585761 0.04203905172413793 0.6371872944983819 0.04262285775862069 0.6326415242718447 0.021716905172413793 0.6385801893203884 0.0049481961206896555 0.6152528236245954 0.004767439655172414 0.5491034854368932 0.14704143534482758