0 0.8032832208201893 0.3145823401826484 0.7973246498422712 0.10879438812785387 0.7766338233438486 0.10531366666666667 0.7815155268138801 0.2249331529680365 0.7858942050473187 0.31165706849315067 0.7917583990536278 0.3228262831050228 0.8032832208201893 0.3145823401826484
0 0.711080287066246 0.28323170547945203 0.7051542066246057 0.09328898401826484 0.6833617271293375 0.08962293607305936 0.6886889353312303 0.2228943105022831 0.6970564779179811 0.3114206666666667 0.7088758107255521 0.31227756621004565 0.711080287066246 0.28323170547945203
0 0.5092507681388012 0.2651186324200913 0.5183502302839117 0.27909492694063925 0.5283678596214512 0.2728602579908676 0.5252191798107256 0.15126948858447486 0.5219814432176656 0.062474684931506846 0.5060294164037855 0.059791148401826484 0.5000169605678234 0.05908073287671233 0.5092507681388012 0.2651186324200913
0 0.6202762823343848 0.29511005707762555 0.6130009321766561 0.07778646803652968 0.5902161940063092 0.07395349771689498 0.5998728832807572 0.2962033378995434 0.6074651529968454 0.31218890410958905 0.6153692507886436 0.3135185730593607 0.6202762823343848 0.29511005707762555
0 0.2091561593059937 1 0.20038907570977918 0.7290841392694063 0.19237235646687698 0.6756905730593608 0.18637386593059935 0.5389120365296803 0.20339474132492114 0.5304612579908675 0.21561684858044167 0.4951807305936073 0.22366820347003155 0.5010608196347032 0.23655296214511043 0.48625718264840184 0.2471942476340694 0.4507107214611872 0.24373809936908516 0.44107801369863014 0.22980523186119875 0.44778544748858445 0.1868502665615142 0.5050498173515982 0.1825004905362776 0.5163864703196347 0.19812186750788643 0.999110203196347 0.20341117823343846 1 0.2091561593059937 1
0 0.2268210268138801 0.02680059589041096 0.2322738280757098 0.1596906712328767 0.23621073974763407 0.23276332648401826 0.24200130599369088 0.2416573287671233 0.25464786277602525 0.24378480136986302 0.259849405362776 0.23447712328767123 0.2554490520504732 0.07420778310502282 0.2534408785488959 0.029945929223744294 0.2268210268138801 0.02680059589041096
0 0.40888385962145113 0.17582400684931507 0.41454884700315453 0.25371301826484016 0.4218466056782334 0.2605977442922374 0.4366066940063092 0.25516088356164385 0.43713504731861197 0.1500284497716895 0.4329975946372239 0.05116189497716895 0.4042529794952681 0.047765504566210044 0.40888385962145113 0.17582400684931507
0 0.31368188958990534 0.037063853881278544 0.31877714195583595 0.16066577397260276 0.3221986561514195 0.2178119589041096 0.3298645552050473 0.2360727374429224 0.34409193059936904 0.23846614383561646 0.34929347476340694 0.22915846575342466 0.34853552050473185 0.1328609406392694 0.3441947823343849 0.040669180365296806 0.31368188958990534 0.037063853881278544
0 0.3879490678233439 1 0.38012611356466874 0.7932628242009132 0.3725511608832808 0.7535205159817352 0.36596364668769715 0.5985402990867579 0.4066578249211356 0.5442898424657534 0.42498232649842277 0.5032474200913242 0.4169309731861198 0.4973673310502283 0.3913823406940063 0.5338002351598173 0.37594228233438487 0.5425169474885845 0.3556688217665615 0.5719173858447489 0.35180989747634067 0.5984221027397261 0.3525159006309148 0.7659898470319635 0.361012096214511 1 0.3879490678233439 1
0 0.2981751119873817 1 0.29208097318611986 0.8418104703196347 0.27965094164037857 0.7492064657534246 0.27416784542586753 0.628354399543379 0.2791485047318612 0.6122210913242009 0.3075469479495268 0.5909759543378995 0.3062389637223975 0.5262654337899543 0.2837393501577287 0.5111663082191781 0.25557910725552047 0.5154803401826484 0.23960633753943217 0.5320273173515981 0.23258577444794953 0.5580001689497717 0.23971895899053627 0.5840912146118722 0.259425072555205 0.6100345228310502 0.26188942744479493 0.6376029771689498 0.26311082492113563 0.821097191780822 0.2702336451104101 1 0.2981751119873817 1
0 0.6572037160883281 1 0.649194596214511 0.8000589520547945 0.6364700536277603 0.698354105022831 0.6327886593059937 0.584593602739726 0.6734092113564669 0.5280679360730594 0.6884984447949527 0.48421843835616435 0.6850422933753944 0.4745857283105023 0.6772118249211356 0.4755312694063927 0.6454135410094637 0.5131756484018265 0.6221256955835962 0.5465946369863014 0.6183403990536277 0.5753745684931507 0.620557951104101 0.838235198630137 0.6277966703470031 1 0.6572037160883281 1
0 0.5664299432176656 1 0.5595296435331231 0.7985519794520548 0.5453325425867508 0.6513429315068493 0.5456963249211356 0.5654168173515982 0.5369086924290221 0.5367846255707763 0.5211914400630915 0.5126437579908676 0.4841699369085173 0.4860503881278539 0.4664690930599369 0.4977810159817352 0.4628310520504732 0.5311113630136987 0.42803570347003156 0.5490175547945205 0.4186807239747634 0.5757291095890411 0.4211450788643534 0.6032975639269406 0.447616238170347 0.6439558698630137 0.45008059148264984 0.6715243242009132 0.453099334384858 0.7648079360730594 0.44839586750788646 0.8137988219178083 0.45364428706624604 1 0.48018861514195577 1 0.47571156782334384 0.8319709589041095 0.46393982965299685 0.6625416780821918 0.4650052539432177 0.6468811415525114 0.48292698264984224 0.6419761461187214 0.5011605394321766 0.6224152534246575 0.5143571261829653 0.5929557168949772 0.5279781608832808 0.6009041826484018 0.5339376593059937 0.6878940296803654 0.532287570977918 0.7826550502283105 0.5401595504731862 1 0.5664299432176656 1
0 0.8395962555205048 1 0.8328641861198738 0.8400081255707763 0.813846638801262 0.592423904109589 0.8010874605678233 0.5382325342465754 0.7859029227129337 0.506261397260274 0.7588254227129337 0.4711581529680365 0.7397819589905363 0.4656917351598174 0.7317869148264984 0.48584359360730595 0.7326704495268138 0.5131461164383562 0.7005040268138801 0.5394144429223745 0.6965714747634069 0.5636439520547945 0.7020502129337539 0.5871938538812785 0.7217563264984227 0.6131371621004567 0.7239997965299685 0.6338799863013699 0.7267630205047318 0.7678514474885845 0.7206259921135646 0.8211268173515982 0.7259478517350157 1 0.7554135520504731 1 0.7509560757097792 0.835280404109589 0.7426448454258675 0.7727859954337899 0.7379326608832808 0.6271725525114155 0.7414061293375395 0.6130485205479451 0.7664047318611987 0.6082026255707762 0.7832047271293375 0.5929262146118721 0.7975057302839117 0.5975948310502283 0.8019363611987382 0.6130485319634703 0.8055138501577287 0.8693494680365297 0.8117189858044164 1 0.8395962555205048 1