0 0.65625 0.060833333333333336 0.66125 0.0375 0.6725 0.019166666666666665 0.674375 0 0.665 0.0025 0.63875 0.06916666666666667 0.62875 0.09916666666666667 0.6375 0.1025 0.64375 0.0775 0.65625 0.060833333333333336
0 0.648125 0 0.6325 0.005833333333333334 0.5825 0.10583333333333333 0.5725 0.11083333333333334 0.5825 0.1175 0.62375 0.059166666666666666 0.648125 0
0 0.490625 0 0.48875 0.0825 0.49625 0.14083333333333334 0.50375 0.1475 0.4975 0.12916666666666668 0.4975 0.10916666666666666 0.5075 0.07916666666666666 0.505 0.009166666666666667 0.501875 0 0.490625 0
0 0.973125 0.44333333333333336 0.959375 0.4483333333333333 0.898125 0.44333333333333336 0.8675 0.4558333333333333 0.873125 0.46 0.914375 0.4533333333333333 1 0.4725 0.999375 0.4483333333333333 0.973125 0.44333333333333336
0 0.934375 0.5883333333333334 0.92375 0.5858333333333333 0.918125 0.6083333333333333 1 0.6708333333333333 0.999375 0.6416666666666667 0.934375 0.5883333333333334
0 0.43875 0.09916666666666667 0.430625 0.08666666666666667 0.40375 0.07583333333333334 0.39125 0.005833333333333334 0.385625 0 0.39625 0.07416666666666667 0.38 0.0975 0.38 0.11083333333333334 0.394375 0.12833333333333333 0.4175 0.12916666666666668 0.4325 0.12083333333333333 0.43875 0.09916666666666667
0 0.969375 0.33666666666666667 0.976875 0.325 0.996875 0.315 1 0.2975 0.921875 0.3466666666666667 0.851875 0.4 0.829375 0.4116666666666667 0.80625 0.4091666666666667 0.815625 0.41833333333333333 0.83 0.42083333333333334 0.856875 0.41 0.969375 0.33666666666666667
0 0.834375 0.3616666666666667 0.996875 0.27666666666666667 1 0.2575 0.920625 0.295 0.798125 0.37666666666666665 0.78 0.3725 0.7975 0.37916666666666665 0.825625 0.37166666666666665 0.834375 0.3616666666666667
0 0.189375 0.3383333333333333 0.176875 0.345 0.098125 0.3283333333333333 0 0.32416666666666666 0.000625 0.345 0.076875 0.35333333333333333 0.185 0.3525 0.19 0.3491666666666667 0.189375 0.3383333333333333
0 0.2025 0.47583333333333333 0 0.47583333333333333 0.000625 0.5016666666666667 0.0575 0.5008333333333334 0.183125 0.4866666666666667 0.2025 0.47583333333333333
0 0.75125 0.1525 0.7975 0.09583333333333334 0.804375 0.07833333333333334 0.791875 0.08333333333333333 0.743125 0.14833333333333334 0.718125 0.13666666666666666 0.699375 0.13666666666666666 0.68 0.15083333333333335 0.67625 0.1675 0.683125 0.18333333333333332 0.703125 0.195 0.7225 0.19416666666666665 0.74 0.18083333333333335 0.75125 0.1525
0 0.209375 0.16166666666666665 0.040625 0.07666666666666666 0.01125 0.06916666666666667 0.016875 0.08 0.105625 0.125 0.204375 0.185 0.285 0.2175 0.278125 0.20333333333333334 0.209375 0.16166666666666665
0 0.25125 0.2608333333333333 0.244375 0.255 0.215625 0.255 0.185625 0.265 0 0.13583333333333333 0.001875 0.15833333333333333 0.095625 0.22333333333333333 0.189375 0.2816666666666667 0.215 0.2841666666666667 0.248125 0.27166666666666667 0.25125 0.2608333333333333
0 0.160625 0.6133333333333333 0.244375 0.5766666666666667 0.25 0.5658333333333333 0.244375 0.5583333333333333 0.241875 0.5666666666666667 0.225625 0.5783333333333334 0.148125 0.6016666666666667 0.110625 0.6066666666666667 0.005625 0.6483333333333333 0 0.6525 0.0025 0.6808333333333333 0.123125 0.6366666666666667 0.160625 0.6133333333333333
0 0.813125 0.265 0.996875 0.17 1 0.14916666666666667 0.800625 0.24166666666666667 0.726875 0.29333333333333333 0.72 0.2891666666666667 0.723125 0.29833333333333334 0.73 0.2991666666666667 0.773125 0.2733333333333333 0.813125 0.265
0 0.5675 0.7941666666666667 0.555625 0.6666666666666666 0.55625 0.7675 0.55 0.8158333333333333 0.5525 0.9891666666666666 0.555625 1 0.57875 0.9991666666666666 0.575 0.8158333333333333 0.5675 0.7941666666666667
0 0.229375 0 0.235 0.025833333333333333 0.26625 0.10083333333333333 0.31375 0.18583333333333332 0.32625 0.18916666666666668 0.325 0.17416666666666666 0.27875 0.1025 0.250625 0.03666666666666667 0.263125 0.045 0.29375 0.0875 0.30125 0.10083333333333333 0.300625 0.11166666666666666 0.319375 0.12 0.356875 0.17 0.364375 0.17 0.3675 0.1625 0.278125 0.03333333333333333 0.245625 0 0.229375 0
0 0.41875 0.8008333333333333 0.43375 0.7108333333333333 0.42875 0.6508333333333334 0.413125 0.64 0.41 0.6441666666666667 0.4225 0.6558333333333334 0.4225 0.7225 0.40375 0.7958333333333333 0.39375 0.8175 0.36 0.9891666666666666 0.360625 1 0.3825 0.9991666666666666 0.41625 0.8491666666666666 0.41875 0.8008333333333333
0 0.7 1 0.70625 0.9991666666666666 0.705 0.9841666666666666 0.67625 0.8125 0.65125 0.7191666666666666 0.63125 0.6758333333333333 0.63125 0.6641666666666667 0.639375 0.6533333333333333 0.65625 0.6441666666666667 0.639375 0.64 0.62625 0.6508333333333334 0.62125 0.6758333333333333 0.6425 0.7275 0.64625 0.7958333333333333 0.68 0.9908333333333333 0.683125 1 0.7 1
0 0.2975 0.6441666666666667 0.318125 0.6283333333333333 0.320625 0.62 0.313125 0.6166666666666667 0.299375 0.6266666666666667 0.256875 0.6933333333333334 0.193125 0.7616666666666667 0.01625 0.9991666666666666 0.04125 0.9991666666666666 0.24625 0.7425 0.2975 0.6441666666666667
0 0.77125 0.6475 0.77375 0.6058333333333333 0.77 0.5875 0.744375 0.5416666666666666 0.721875 0.5333333333333333 0.7125 0.5441666666666667 0.71125 0.5675 0.7175 0.5925 0.739375 0.6316666666666667 0.756875 0.6433333333333333 0.874375 0.78 1 0.9058333333333334 0.998125 0.8716666666666667 0.77125 0.6475
0 0.918125 0.5816666666666667 0.828125 0.5166666666666667 0.82 0.5175 0.91625 0.6025 0.92375 0.5875 0.918125 0.5816666666666667
0 0.631875 0.095 0.618125 0.12166666666666667 0.60875 0.1225 0.62 0.12916666666666668 0.63125 0.11083333333333334 0.631875 0.095