0 0.3875163597972973 0.4858732614213198 0.3947046689189189 0.4775875482233502 0.37393838344594593 0.4660970177664975 0.3690186554054054 0.4729586446700508 0.3875163597972973 0.4858732614213198
0 0.4900185810810811 0.3894550837563452 0.5013547837837837 0.3879987969543147 0.4813938378378379 0.3344964390862944 0.4900185810810811 0.3894550837563452
0 0.5060801604729729 0.5453976472081218 0.5291284307432432 0.5441357817258883 0.48495811824324325 0.5152639517766497 0.4830519966216217 0.5296670507614213 0.5060801604729729 0.5453976472081218
0 0.5092278006756756 0.4396560329949239 0.5427734256756757 0.5072704822335025 0.5495724679054054 0.5086623730964467 0.5137917702702703 0.4141512411167513 0.5066101638513513 0.41677279949238577 0.5092278006756756 0.4396560329949239
0 0.883544241554054 0.5235248705583756 0.8555762432432432 0.5316483654822335 0.8085470320945947 0.6838028629441624 0.8137622027027027 0.7465617918781726 0.8031174087837838 0.8022968756345177 0.7925329324324324 0.8070545685279187 0.7781429121621621 0.8349543045685279 0.7466833986486486 0.9329608781725889 0.861005089527027 0.9229562588832487 0.8600603614864865 0.8929567766497463 0.8483616976351351 0.8814340482233503 0.8703627989864865 0.8072502182741116 0.8692419121621622 0.7966339543147208 0.8586574358108108 0.8013916446700508 0.8582882736486486 0.7940767893401016 0.8984447246621622 0.7028360989847715 0.9326208766891892 0.556863383248731 0.924325087837838 0.5432045228426396 0.9303724003378377 0.5412950076142131 0.9432723733108108 0.4954641446700508 0.9538568513513515 0.4907064543147208 0.9557562702702703 0.4819675076142132 0.9508432449324323 0.4831649796954315 0.961441125 0.4670789796954315 0.9622196587837838 0.44772376649746193 0.9667501182432432 0.45053974619289344 0.9819052668918918 0.41461310659898476 0.990176643581081 0.41975430964467003 0.9942168868243244 0.21112066751269037 0.9806447500000001 0.20268469543147208 0.9692733631756757 0.2338777918781726 0.9873683986486487 0.2677983223350254 0.946440116554054 0.3727300685279188 0.9486952939189189 0.3826342893401016 0.9335669527027027 0.39590430964467005 0.9108141249999999 0.4667867360406091 0.883544241554054 0.5235248705583756
0 0.6576662888513514 0.7954971751269035 0.5670168699324325 0.7731625329949239 0.5337666875 0.7751686395939087 0.5046576993243244 0.7896683324873096 0.47968320270270276 0.8223257614213199 0.46602480574324323 0.8705193705583756 0.4663805625 0.8891625380710659 0.4822271216216216 0.907514692893401 0.47693153040540537 0.9127256167512691 0.40445086655405404 0.862005807106599 0.3387357347972973 0.8409986598984772 0.2503347922297297 0.8342323908629442 0.23901199324324326 0.8243603654822335 0.19784914358108108 0.8327848730964467 0.4068613564189189 0.9626996827411167 0.6986806199324324 0.9371617411167513 0.6986822618243242 0.9357747741116752 0.7100184662162162 0.9343184873096447 0.7172201773648649 0.914704464467005 0.7311941216216216 0.9191389492385786 0.7395301233108108 0.8988128807106599 0.7478795287162162 0.8671585025380711 0.7377044239864865 0.8452461269035533 0.6576662888513514 0.7954971751269035
0 0.100577375 0 0.048322410472972976 0.1627911345177665 0.09664035641891892 0.13077389593908628 0.13748821790540539 0.09381200253807107 0.17760445945945946 0.03655624111675127 0.18217513006756758 0.005387294416243654 0.1849537685810811 0 0.100577375 0
0 0.5084157601351351 0.4873320177664975 0.48836098986486487 0.5131278197969543 0.5264906891891892 0.5382450126903553 0.5389946908783784 0.5077559111675126 0.5363636520270271 0.4962009873096446 0.5084157601351351 0.4873320177664975
0 0.40357794256756757 0.6418158299492386 0.39371168243243243 0.6781957005076142 0.48740151182432434 0.6854152005076142 0.4949924898648648 0.65612357106599 0.49583133783783784 0.5857909695431471 0.5139933885135135 0.5630699568527918 0.5158995101351351 0.5486668578680203 0.4879516182432433 0.5397978883248731 0.4720581469594594 0.5610948121827412 0.4474997246621621 0.5614180203045686 0.40357794256756757 0.6418158299492386
0 0.40998044763513514 0.3397061294416243 0.39561723479729727 0.34494924873096444 0.38501265202702706 0.3666994035532995 0.3698373986486486 0.4196185076142132 0.40378569425675676 0.46622704060913706 0.4385661351351351 0.44816712944162435 0.46507089020270265 0.3994558959390863 0.4386733631756757 0.3575406598984771 0.44928464695945947 0.3301263502538071 0.46968847297297295 0.32863786802030454 0.49470317905405403 0.2619955076142132 0.49358899324324323 0.24571509137055839 0.45917771452702705 0.27108986040609134 0.40998044763513514 0.3397061294416243
0 0.6501283885135135 0 0.531618168918919 0.35579459644670053 0.5421356283783784 0.40767844923857866 0.5542369628378377 0.39819526142131983 0.6833946942567568 0.017924274111675128 0.6545573952702702 0 0.6501283885135135 0