0 0.2291211813602015 0.4833546132075472 0.25396544710327457 0.7180067037735849 0.2583879823677582 0.7092988150943397 0.23178770151133501 0.3792844433962264 0.22754401889168765 0.3983814603773585 0.2291211813602015 0.4833546132075472
0 0.16714062720403022 0.36908483773584905 0.16297824055415616 0.37298398490566037 0.16484807052896724 0.46167739622641507 0.19209872040302267 0.7431495396226415 0.18421293576826198 0.6104467339622641 0.18783876322418136 0.5753802037735849 0.16714062720403022 0.36908483773584905
0 0.827285476070529 0.5880900735849057 0.8332526473551638 0.5827855981132076 0.8051402481108312 0.25789681509433965 0.8132536498740554 0.23118039433962265 0.7982788110831235 0.2112556490566038 0.7831088602015114 0.21319764905660377 0.7760685743073048 0.22920809622641508 0.7770929130982367 0.24222899433962267 0.7988804093198993 0.25948103396226413 0.827285476070529 0.5880900735849057
0 0.7415012556675062 0.292973979245283 0.7686706108312343 0.5896439943396227 0.775889750629723 0.5840226754716981 0.7481350528967254 0.20687140377358493 0.740135467254408 0.22691895471698112 0.7415012556675062 0.292973979245283
0 0.3114583853904282 0.312641179245283 0.3238967695214106 0.32467060943396225 0.31718167128463476 0.35293031509433964 0.3184824219143577 0.40192734150943393 0.3434567644836272 0.6706954301886792 0.3404975692695214 0.6980046056603774 0.3581551989924433 0.7276847886792452 0.36022013224181365 0.7214707150943396 0.34492010579345084 0.6892967150943397 0.34971660453400505 0.6691112113207547 0.35033445340050373 0.6120399849056604 0.32373417884130984 0.3550663509433962 0.3295712732997481 0.31564587547169815 0.3257828501259446 0.30806740943396227 0.31547443828715366 0.30688190377358493 0.3114583853904282 0.312641179245283
0 0.4034211498740554 0.6213709264150944 0.37262596221662464 0.2867267 0.36860991057934506 0.29248597358490563 0.37047973929471034 0.38117938490566033 0.39023483879093196 0.632296720754717 0.40182774307304786 0.7147351245283019 0.4062502783375315 0.7060272339622642 0.4034211498740554 0.6213709264150944
0 0.6541236662468514 0.5294665320754717 0.666383201511335 0.6041475792452831 0.663424007556675 0.6314567528301887 0.6691310289672544 0.6309610207547169 0.6749193488664986 0.6152674150943396 0.6542212052896725 0.33593130754716977 0.6385797292191436 0.25072317924528303 0.6483841007556674 0.22927030188679245 0.6447420113350126 0.22355196226415094 0.6312142556675063 0.25448437358490567 0.6365798350125944 0.2739952528301887 0.6541236662468514 0.5294665320754717
0 0.27932996473551636 0.35871537358490563 0.2740944634760705 0.37332049245283017 0.27385057682619646 0.4189141075471698 0.2883376498740554 0.6030668188679245 0.3069058073047859 0.725477516981132 0.31191368010075565 0.724210141509434 0.3056050579345088 0.6764804905660377 0.3047595680100756 0.600807979245283 0.2904838677581864 0.43557339245283017 0.2819639785894207 0.39219768679245287 0.28345983249370277 0.34628723018867924 0.2785332556675063 0.3323567339622642 0.2726798992443325 0.3309923377358491 0.27932996473551636 0.35871537358490563
0 0.4175829937027708 0.2819891905660378 0.42493221032745593 0.31048386981132076 0.42054220025188915 0.4007615 0.44426457556675064 0.6698464339622642 0.4426223891687658 0.7138967622641509 0.45019923425692693 0.7290536981132075 0.45645907430730476 0.727469479245283 0.4502805302267002 0.7138558283018868 0.4482318539042821 0.6878140301886791 0.4527356838790932 0.6639082698113207 0.4520365277078086 0.5900958867924528 0.42823285642317377 0.3362088226415094 0.43060671410579343 0.30145913584905665 0.42314368261964735 0.2796333283018868 0.4175829937027708 0.2819891905660378
0 0.6909997921914357 0.26781147924528304 0.689357604534005 0.31186180943396224 0.7030967493702771 0.5189697509433963 0.7105923010075567 0.549324558490566 0.7150473614609572 0.6221864094339623 0.7204291964735517 0.6094414207547171 0.7200389647355164 0.5070934226415095 0.7039422166246851 0.3024792962264151 0.6969669647355163 0.2625070018867925 0.6864471801007556 0.2424033679245283 0.6873089219143578 0.21277926981132075 0.6820409005037783 0.21885538867924528 0.6797483375314862 0.2384072037735849 0.6909997921914357 0.26781147924528304
0 0.49806666246851383 0.428570920754717 0.4738239937027708 0.24214421698113206 0.47689701511335014 0.3542476566037736 0.49585540554156166 0.5790063490566038 0.5089116511335012 0.6800460358490565 0.5170738324937028 0.7026434867924528 0.52068340302267 0.6998328264150944 0.49806666246851383 0.428570920754717
0 0.5244230151133501 0.29289371698113204 0.531999862720403 0.3080506528301887 0.548812023929471 0.5542212905660377 0.5571855793450882 0.5957368698113208 0.5616406385390428 0.6685987226415094 0.5658355453400503 0.6732285754716981 0.5715100491183879 0.6642038433962264 0.5492022317380353 0.3644063245283019 0.539511670025189 0.30614959056603774 0.5443081687657431 0.28596408679245283 0.5418204899244332 0.2543419037735849 0.5375605453400504 0.23265405094339622 0.5240490465994962 0.23133059056603775 0.5201793287153652 0.2389499924528302 0.5244230151133501 0.29289371698113204
0 0.6262226750629722 0.6617403264150944 0.6256861095717885 0.5575321981132076 0.6062074219143576 0.3423909905660378 0.5973135680100756 0.31049289811320757 0.5883709345088161 0.2292809358490566 0.5834768765743074 0.2238794396226415 0.5879482002518892 0.3375261641509434 0.6026629017632241 0.5083411320754717 0.6218814345088162 0.6552503433962265 0.6262226750629722 0.6617403264150944
0 0.22977155541561714 0.5078531264150943 0.23460057304785895 0.4961966226415095 0.2288935516372796 0.49669235660377353 0.22977155541561714 0.5078531264150943
0 0.25177043576826197 0.6901047773584906 0.25655067884130983 0.7021751452830188 0.25212814231738034 0.7108830339622642 0.25411178085642316 0.7198668320754718 0.25882698488664985 0.7148792 0.2557864886649874 0.6843455037735849 0.25177043576826197 0.6901047773584906
0 0.22523519395465996 0.3771484037735849 0.2310072556675063 0.3937106716981132 0.23234051889168766 0.37819595471698114 0.22199958816120907 0.3684814509433962 0.17881482115869018 0.3632846283018868 0.22523519395465996 0.3771484037735849