0 0.6138681385390428 0 0.6073866586901764 0.02233014932885906 0.616290741813602 0.023882885906040267 0.6214235050377833 0 0.6138681385390428 0
0 0.5776165931989924 0 0.5609630856423174 0.03837275838926174 0.5510194609571789 0.0453947466442953 0.5612709521410579 0.05002223657718121 0.5913228110831235 0 0.5776165931989924 0
0 0.4657703010075567 0 0.4658889168765743 0.034099000000000004 0.4749849206549119 0.09082437583892618 0.4827175188916877 0.09595920637583893 0.4759365 0.07892122818791947 0.47540873047858945 0.058950694630872484 0.48469264231738035 0.026965538590604025 0.48299593324937024 0 0.4657703010075567 0
0 0.9497240667506297 0.30388686241610735 0.8878792770780856 0.31132402516778523 0.857352710327456 0.33002050671140937 0.863130168765743 0.3330395234899329 0.9045159571788413 0.31801159060402684 0.986226459697733 0.3196707768456376 0.985596282115869 0.2958251795302013 0.9634460277078085 0.2961038657718121 0.9497240667506297 0.30388686241610735
0 0.9123845125944585 0.47202222483221473 0.9837583450881612 0.5108655369127517 0.9845030617128463 0.4824548590604027 0.9282295377833754 0.4487539899328859 0.9174582758186398 0.44841386241610737 0.9123845125944585 0.47202222483221473
0 0.36462446473551635 0 0.3724700201511335 0.04454947315436242 0.3567129559193955 0.07114613255033557 0.35706480226700255 0.08445982046979866 0.37201022795969774 0.09901684060402685 0.3953319659949622 0.09515606543624161 0.4102254130982368 0.08379097818791946 0.4159508916876575 0.06088788590604027 0.407434637279597 0.05005515100671141 0.38007067632241814 0.044691669463087245 0.37048902644836273 0 0.36462446473551635 0
0 0.9821245453400503 0.16445650838926176 0.9817210453400503 0.14918820302013422 0.9092578602015113 0.2099800570469799 0.8401362795969773 0.2774402969798658 0.8177741196473551 0.2936558238255033 0.7944084005037784 0.2958523909395973 0.8040961385390427 0.30310303187919463 0.8186457380352645 0.3026821510067114 0.8454379483627205 0.28641088926174496 0.9568529168765744 0.19035535738255033 0.9641017267002518 0.17718386241610737 0.9821245453400503 0.16445650838926176
0 0.7853643765743072 0.2650491224832215 0.766992459697733 0.26456680033557045 0.7848006259445844 0.2676722734899329 0.8129402430730479 0.2544757634228188 0.8214924785894206 0.2427148120805369 0.9811141284634761 0.12622285738255035 0.9806448035264483 0.10846382718120806 0.9066350100755668 0.15864317953020132 0.7853643765743072 0.2650491224832215
0 0 0.3935064345637584 0.058048392947103275 0.3881173624161074 0.1669684685138539 0.36534286073825506 0.1719182909319899 0.36099976174496645 0.17100269269521412 0.3503092214765101 0.15858415743073048 0.35950276006711407 0.07879926070528967 0.3588418154362416 0 0.3713830453020134 0 0.3935064345637584
0 0 0.5484952147651007 0.042419284634760704 0.539331927852349 0.16861975566750628 0.49969236577181203 0.18785529093198994 0.48494311912751675 0 0.5227796996644296 0 0.5484952147651007
0 0.7544789874055416 0 0.7239233879093199 0.04821363758389262 0.698426604534005 0.041637545302013426 0.6795349181360202 0.045442583892617454 0.6603873438287153 0.06352025503355704 0.657048814861461 0.08092337416107383 0.6643935843828715 0.09533819966442954 0.6848525831234258 0.10292896812080536 0.7043520037783375 0.09816498825503356 0.7216323992443325 0.08129992785234899 0.7322197367758186 0.05072531375838926 0.7669015428211586 0 0.7544789874055416 0
0 0 0.13022068959731545 0.08099027707808565 0.15428603187919462 0.1820698073047859 0.19415775838926175 0.2641616901763224 0.21024820805369127 0.2568609017632242 0.19749759395973154 0.1864918589420655 0.16984412583892616 0.014223648614609573 0.11921471140939598 0 0.11848539932885907 0 0.13022068959731545
0 0 0.2194365788590604 0.07350957682619648 0.2545038489932886 0.16950734382871535 0.29372604194630875 0.19539195465994963 0.2910221375838926 0.22843741435768264 0.27181831543624163 0.23130015365239295 0.2603667701342282 0.22421926826196475 0.25593721140939596 0.19525201385390428 0.261771605704698 0.16528919899244332 0.2778449379194631 0 0.19859544630872483 0 0.2194365788590604
0 0 0.7255298489932887 0.1121246297229219 0.6616475033557047 0.14929227329974812 0.630738466442953 0.23270756675062973 0.5771299748322148 0.23808919773299747 0.5651710889261745 0.23222377707808567 0.5588236510067114 0.22992478967254407 0.5676520453020134 0.2138598589420655 0.5825992265100671 0.13638994836272042 0.6216256812080536 0.09873851637279597 0.6342283926174497 0 0.6935631208053692 0 0.7255298489932887
0 0.7843208224181359 0.12974067617449667 0.7113769219143576 0.19629771140939598 0.7043400188916877 0.1935323657718121 0.7077305277078085 0.20205135402684563 0.7146794697732998 0.20148827852348994 0.7574486498740554 0.16694141275167787 0.7975310125944585 0.15050293959731545 0.978299056675063 0.019701974832214763 0.9777849307304786 0.00024770637583892616 0.7843208224181359 0.12974067617449667
0 0.5640138136020152 0.7287360184563758 0.5486845465994962 0.6038337197986577 0.5519751070528968 0.7043916627516779 0.546953322418136 0.7539221342281879 0.5540462191435768 0.9264927600671142 0.5553671763224182 0.9304093775167785 0.5804843136020151 0.9253504479865772 0.5721422392947103 0.7488487483221477 0.5640138136020152 0.7287360184563758
0 0.2774558287153652 0.09045572147651007 0.27711198110831237 0.101399927852349 0.29622357304785896 0.10591594630872483 0.33532637153652395 0.14823220134228188 0.3428830478589421 0.14671018624161075 0.34583374937027705 0.1385870620805369 0.2523748564231738 0.02774805033557047 0.2187496498740554 0.0010592281879194631 0.20237685264483626 0.004356929530201342 0.2087260629722922 0.029010691275167786 0.2421913450881612 0.09755846140939597 0.29229330856423175 0.17279380033557049 0.30497572921914357 0.17358552852348993 0.3033204546599496 0.15886129697986576 0.2548297846347607 0.09668597986577182 0.22475501007556675 0.03665719630872483 0.23756937279596976 0.04244156040268456 0.26954730604534005 0.07866404697986577 0.2774558287153652 0.09045572147651007
0 0.41602692065491187 0.6866005788590605 0.39907038916876575 0.7636309110738255 0.3895665730478589 0.7872950100671141 0.3613657292191436 0.9578517365771813 0.38605849748110826 0.9551664546979867 0.41307223425692696 0.8143489765100671 0.4143156813602015 0.7655795117449664 0.42705406675062973 0.6726680755033557 0.4204329748110831 0.6137711493288591 0.4044040264483627 0.6061246426174497 0.401365362720403 0.6109193439597316 0.4142676876574307 0.6200321291946309 0.41602692065491187 0.6866005788590605
0 0.6150473476070529 0.5996692416107383 0.6378213312342569 0.6469474110738255 0.6434028828715366 0.714419062080537 0.6825536763224181 0.9022827013422818 0.6834783602015113 0.904606062080537 0.7085782254408061 0.8995506124161073 0.7075666700251889 0.8905524714765101 0.6740693916876574 0.7249731107382551 0.6464175478589421 0.6368506694630872 0.6251229130982368 0.5976398875838926 0.624815047858942 0.5859904093959732 0.6327155705289673 0.5735241845637584 0.6494761952141057 0.5609464882550336 0.6323637229219143 0.5602104966442952 0.6194254181360201 0.5736913959731543 0.6150473476070529 0.5996692416107383
0 0.18595215743073049 0.7722578607382551 0.04759013098236776 0.9919741241610739 0.07344357934508816 0.9891626191275168 0.23897282619647356 0.7423384865771813 0.28801523803526446 0.6337495838926174 0.3083782758186398 0.6137540318791946 0.3106772644836272 0.6049256375838926 0.30303262720403024 0.6031192315436242 0.2894426083123426 0.6158948607382551 0.2483806813602015 0.691088067114094 0.18595215743073049 0.7722578607382551
0 0.7098256360201511 0.496926144295302 0.7328994874055416 0.531595894295302 0.7508395944584383 0.5396940033557047 0.8728339319899244 0.6523144060402685 0.9779265856423174 0.7333450838926174 0.9787310717884131 0.7026542097315436 0.7654331750629724 0.540937332214765 0.7668525453400503 0.49882471476510065 0.762590419395466 0.481279399328859 0.7355623073047859 0.44071381208053695 0.7126723765743073 0.43695880536912757 0.7035124093198992 0.44967869630872487 0.7028686952141059 0.4732313238255033 0.7098256360201511 0.496926144295302
0 0.917502258186398 0.45007807382550336 0.9116808186397984 0.44539484731543627 0.8192854659949622 0.3987548003355705 0.8111210579345088 0.40123575671140943 0.910341410579345 0.46657798993288596 0.917502258186398 0.45007807382550336
0 0.6102134168765743 0.03347228859060403 0.6104253211586902 0.017535446308724834 0.5972751095717884 0.04695318791946309 0.5878512569269522 0.049687815436241616 0.5993621926952141 0.05406163590604027 0.6102134168765743 0.03347228859060403