0 0.6480986906666667 0.9193362439999999 0.7055866213333334 0.901437556 0.7166519880000001 0.890384576 0.4851251253333333 0.928593012 0.4810828053333333 0.9374362660000001 0.6480986906666667 0.9193362439999999
0 0.7292423746666666 1 0.7486203413333332 0.9940860340000001 0.7495502693333332 0.986789916 0.6400707093333333 1 0.7292423746666666 1
0 0.5688152253333334 0.09041974 0.613560612 0.076719644 0.6237470666666667 0.059696818 0.36021736000000004 0.107406756 0.35936808533333336 0.119788178 0.5688152253333334 0.09041974
0 0.45956424 0.8003506640000001 0.4766420746666667 0.789298768 0.6665359439999999 0.763243292 0.6998423386666667 0.753520926 0.7160412613333333 0.736499184 0.7291064119999999 0.752641808 0.7313398919999999 0.745124826 0.7263890186666666 0.7296469640000001 0.7197906106666666 0.725665982 0.6957703799999999 0.74401291 0.513111876 0.7647632999999999 0.4751772186666667 0.779349024 0.46360656133333333 0.79150741 0.435909372 0.775804344 0.43258466 0.7804468339999999 0.45956424 0.8003506640000001
0 0.6594453586666666 0.678781986 0.7195403906666668 0.6604415699999999 0.7217738706666668 0.6529245899999999 0.48545743999999996 0.68582577 0.42767654 0.70173451 0.4236342186666667 0.7105777640000001 0.4834659173333334 0.708598666 0.6594453586666666 0.678781986
0 0.6542884626666666 0.221768296 0.6489936053333334 0.217566448 0.638594832 0.237684632 0.5752771173333333 0.23413561000000002 0.38003737466666665 0.26925520199999997 0.3718720813333333 0.281856402 0.37384222666666667 0.29070074 0.39092006133333335 0.279648844 0.4458305253333333 0.280543154 0.6238311280000001 0.246304848 0.6390491066666667 0.249845188 0.6542884626666666 0.221768296
0 0.7035785746666667 0.824273454 0.7112385786666667 0.81277766 0.7324690253333334 0.816319084 0.7291953266666666 0.80769561 0.7178880026666667 0.80349268 0.6877746533333334 0.816753216 0.6553175333333333 0.814094164 0.5390084866666667 0.831761136 0.48803831466666664 0.8485555020000001 0.45356003466666667 0.850318078 0.45473192 0.858277872 0.5441206626666667 0.857409606 0.6731722546666666 0.835544042 0.7035785746666667 0.824273454
0 0.43655118 0.63496405 0.6261520786666667 0.606918626 0.6847822546666666 0.578628466 0.7068109626666667 0.5830544320000001 0.706144368 0.57398923 0.6885316039999999 0.567795266 0.666239564 0.5797306160000001 0.4867741053333333 0.604019176 0.4371074853333334 0.62059268 0.422929724 0.6331927940000001 0.404680004 0.636284894 0.39307970799999997 0.6300920139999999 0.39454456400000004 0.640041756 0.40774138266666665 0.6480037240000001 0.43655118 0.63496405
0 0.5772093626666667 0.174660182 0.6060191613333333 0.161620506 0.6302303333333333 0.171795456 0.6423869333333334 0.163616966 0.6443274426666666 0.154110038 0.6248548226666667 0.162508306 0.6071614066666667 0.151229036 0.5776043626666667 0.150118202 0.43421370666666664 0.174413274 0.36557975600000003 0.198279638 0.359223304 0.209554568 0.4097688386666667 0.19895091199999998 0.43310109733333335 0.203156014 0.5772093626666667 0.174660182
0 0.47652011333333333 0.5343709700000001 0.6345428053333333 0.50963634 0.7107857453333333 0.487540146 0.576277992 0.495033256 0.38566651333333335 0.52528949 0.38524187466666665 0.531480202 0.4036529 0.53855871 0.47652011333333333 0.5343709700000001
0 0.440590092 0.44459807 0.47174366 0.447477986 0.6432265053333333 0.414344004 0.6564233226666667 0.42230596800000003 0.6942263146666666 0.415900906 0.6977633453333333 0.40816305999999997 0.6914282693333333 0.387820758 0.6751997093333334 0.38649122999999996 0.6530393346666666 0.390245924 0.6414686773333333 0.402404312 0.5985831466666667 0.401512172 0.38900434000000006 0.43906127 0.38525499066666663 0.449894472 0.3900445573333333 0.45520172600000003 0.440590092 0.44459807
0 0.5903206759999999 0.309091072 0.43852277066666673 0.33073143 0.3685852693333333 0.35481866 0.37467838933333336 0.359905048 0.48072032933333336 0.3541756 0.6009400306666667 0.33584603199999996 0.678779492 0.31551892400000003 0.673191664 0.309327126 0.6152494586666667 0.31506525799999996 0.5903206759999999 0.309091072
0 0.639266804 0.922872244 0.637296656 0.9140279060000001 0.6314454933333333 0.9241974300000001 0.639266804 0.922872244
0 0.502869556 0.926606318 0.4812144706666666 0.9292556059999999 0.4797792546666667 0.9376571279999999 0.4865899826666667 0.938542756 0.49063230266666663 0.929699504 0.500636076 0.9341233019999999 0.502869556 0.926606318
0 0.720723948 0.899892592 0.7487223693333334 0.967554106 0.727827648 0.9027681679999999 0.7171572786666667 0.88927917 0.7073148093333332 0.895025982 0.720723948 0.899892592