0 0.4333312444794953 0.4509772061611374 0.44118772555205044 0.45272353317535546 0.31058631072555204 0.19486241469194313 0.2557768138801262 0.10703668720379148 0.25185862460567826 0.07191243127962085 0.2356584006309148 0.05546647393364929 0.22921849684542586 0.06069539099526066 0.24694581072555208 0.07938375118483412 0.24928165299684543 0.11463202369668246 0.27468962776025235 0.17641706161137438 0.3730111608832808 0.36240233412322276 0.4333312444794953 0.4509772061611374
0 0.7686482933753943 0.16014216587677724 0.7541861388012618 0.17072401895734596 0.7083332160883281 0.240456327014218 0.5800676104100946 0.3898726374407583 0.5081787902208202 0.4923527156398104 0.47903345425867505 0.5229821042654029 0.4771748217665615 0.5349382251184834 0.48655839274447954 0.5389269549763034 0.5192552239747634 0.49148458293838865 0.593811427444795 0.4100542535545023 0.7755202018927444 0.17023297393364928 0.7686482933753943 0.16014216587677724
0 0.3253448485804416 0.10394627725118484 0.2901665047318612 0.054737454976303314 0.27680948580441644 0.01799089336492891 0.27401149369085176 0.01702914691943128 0.2558710094637224 0.018450933649289097 0.25542016561514197 0.020848357819905215 0.2703143249211356 0.02558623222748815 0.31366059148264985 0.13084503791469193 0.44127313249211353 0.3476038412322275 0.45163122712933756 0.3774991777251185 0.4806007429022082 0.3882201421800948 0.4808770268138801 0.376388037914692 0.45812638643533127 0.3699038388625593 0.42077797003154577 0.2783474834123223 0.3253448485804416 0.10394627725118484
0 0.5438041987381703 0.6915192037914691 0.5577891403785489 0.6337329573459716 0.5873212744479496 0.5865386232227487 0.55331838170347 0.6222729099526066 0.530271358044164 0.6961229952606636 0.5142821119873817 0.7044624454976303 0.35665014195583594 0.893973827014218 0.31336414037854887 0.95523763507109 0.31396191640378546 0.9634580971563981 0.3185984447949527 0.9678188815165878 0.35898598422712935 0.9292220995260664 0.5214755110410094 0.7346058222748815 0.5438041987381703 0.6915192037914691
0 0.3628926261829653 1 0.5455774227129337 0.7846827748815165 0.5679061088328076 0.7415961587677725 0.5820568233438486 0.6767106492890995 0.621304069400631 0.619306518957346 0.5775308059936909 0.6676170213270142 0.5543732697160882 0.7461999502369668 0.5368016766561514 0.7546634194312796 0.47992757886435333 0.8228974383886256 0.37425689274447954 0.9516461184834124 0.3424614905362776 1 0.3628926261829653 1
0 0.5162236624605678 0.3169275355450237 0.5017816072555206 0.25900720853080567 0.3566289337539432 0.010553881516587678 0.34403743690851735 0.011540758293838861 0.36892471293375395 0.06391824644549764 0.4055196340694006 0.12010231279620853 0.45066927444794946 0.21577141706161138 0.5040621924290221 0.29662190047393366 0.5110898217665616 0.33386453791469195 0.5325796056782334 0.3605253222748815 0.5437112965299684 0.3572907701421801 0.5471522744479496 0.34521062796208535 0.5299674794952682 0.337109154028436 0.5162236624605678 0.3169275355450237
0 0.4352240157728707 0.004393874407582939 0.4229278264984227 0.00535760663507109 0.45420570977917984 0.06432049052132702 0.4826126088328076 0.13295675355450237 0.5589118880126184 0.24744326777251185 0.5810999116719243 0.3118427630331754 0.5951200126182965 0.3201922772511848 0.5988372744479495 0.29628003317535545 0.5743485662460568 0.26276802369668245 0.5383062129337539 0.1829197511848341 0.4833862034700316 0.09982686492890995 0.4352240157728707 0.004393874407582939
0 0.49128513091482656 0 0.47808294952681385 0.001034739336492891 0.5262201009463722 0.09174551421800949 0.5689786419558359 0.1545327654028436 0.5824461735015772 0.1865464857819905 0.5850030457413249 0.21232907582938387 0.6177350315457413 0.23102246682464453 0.6289772350157729 0.22305507109004738 0.5898606009463723 0.2072241777251185 0.5873589873817034 0.17907516587677727 0.568004119873817 0.12862615639810426 0.4974278359621451 0 0.49128513091482656 0
0 0.5570946498422713 0 0.5962301892744479 0.0697237393364929 0.6604232570977918 0.16153819668246444 0.6698620867507886 0.1631605047393365 0.6733583217665615 0.14871394075829383 0.6429270205047318 0.09913306398104266 0.6296252586750789 0.06002008056872038 0.5882280378548896 0.006574492890995261 0.585546116719243 0 0.5570946498422713 0
0 0.644614929022082 0 0.6954207728706625 0.08320833886255925 0.6946471798107255 0.11633822748815166 0.6985302113564669 0.08532672037914693 0.6624944132492113 0 0.644614929022082 0
0 0.45048108675078863 1 0.4544481135646688 0.9996890781990521 0.5000535220820189 0.9417866208530806 0.5330818927444795 0.8801457251184834 0.6078038659305993 0.7916161327014217 0.6406112097791798 0.7394409218009478 0.661769452681388 0.7803002298578199 0.6860572350157729 0.7547757417061611 0.688026380126183 0.7380867772511849 0.6470712129337539 0.6657098246445498 0.6346334605678233 0.6572362914691944 0.6102351656151419 0.6874936232227488 0.6283944842271294 0.7215017061611375 0.6232053880126183 0.7408051303317534 0.5239746041009464 0.864324893364929 0.4740377223974763 0.9060322085308057 0.3998025094637224 1 0.45048108675078863 1
0 0.5800343201892745 0.9898460710900473 0.6265860678233438 0.9342315331753555 0.6496782981072555 0.8922661161137441 0.667159477917981 0.820033308056872 0.6995800236593059 0.7844230402843602 0.7063514684542587 0.7649955995260663 0.6609406025236593 0.8157965402843602 0.636964261829653 0.8956246872037915 0.6128975078864354 0.9116834952606635 0.554537094637224 0.9918444549763032 0.5800343201892745 0.9898460710900473
0 0.6210101735015773 0.9700999004739337 0.6067444731861199 0.9877526232227488 0.6415455268138801 0.9850250402843602 0.6460514495268138 0.979947701421801 0.6725846593059938 0.925902144549763 0.6849872555205048 0.8682399146919432 0.720517239747634 0.8347480308056872 0.7273991971608833 0.8105877488151659 0.7147404179810726 0.8115799004739337 0.682209358044164 0.8519230094786729 0.6630353170347003 0.9290126777251184 0.6548472949526813 0.9414648767772512 0.6210101735015773 0.9700999004739337