0 0.7344413551829267 1 0.6907775304878049 0.8093178344748858 0.6608494283536586 0.717060850456621 0.6497242118902439 0.7110368378995434 0.6452783384146341 0.7151749474885845 0.6557684298780488 0.7217901187214611 0.6682130457317074 0.8030218173515982 0.7182470304878049 1 0.7344413551829267 1
0 0.3859789100609756 0.694459039954338 0.35114311585365854 0.7528169006849316 0.26084751981707316 0.9160274189497717 0.2569617698170732 0.9264688002283106 0.2624458643292683 0.9309188093607306 0.2741171615853658 0.9214203778538813 0.3592567545731707 0.7698335593607306 0.3996516478658537 0.7090312762557077 0.40979960060975607 0.6777470251141553 0.4353545960365854 0.6403118219178082 0.43129777743902437 0.631803493150685 0.42311615701219507 0.6325941232876713 0.4278081006097561 0.6405112933789955 0.3859789100609756 0.694459039954338
0 0.5322870853658537 0.7916810182648402 0.5142035838414634 0.8358111803652969 0.504280637195122 0.8464121392694064 0.49825748323170727 0.8683974315068492 0.4798388643292683 0.8855410285388128 0.4768132469512195 0.8747079589041097 0.49027980640243907 0.815766196347032 0.5424538689024391 0.6661994737442922 0.5401453978658536 0.6587936735159817 0.5210236737804879 0.6943357168949771 0.4836004634146341 0.8056040742009132 0.45920784298780487 0.9211229668949772 0.43811978506097565 0.9871586324200913 0.4428117301829268 0.9950758036529681 0.4498801265243902 0.9925914863013698 0.47137128048780486 0.9357350970319634 0.5276232286585366 0.8274152785388128 0.5675119359756098 0.7206767180365297 0.580268368902439 0.669220544520548 0.5704274451219512 0.6838399292237443 0.538235237804878 0.7765901552511415 0.5296575411585366 0.7791143675799087 0.5322870853658537 0.7916810182648402
0 0.2683145442073171 0.6688506484018265 0.19795165396341466 0.6988546678082191 0.1985117774390244 0.7051579394977169 0.2734025640243902 0.6750342374429223 0.29620609756097566 0.6824726780821917 0.32138608231707316 0.6795096289954339 0.3350377545731707 0.6613432922374429 0.3274772149390244 0.6397170479452056 0.3045916585365854 0.6282601815068493 0.2763930762195122 0.6313030194063927 0.26377260518292683 0.6471446152968037 0.2683145442073171 0.6688506484018265
0 0.0719978993902439 0.6300046678082192 0.0746356981707317 0.6426107636986301 0.23283436737804875 0.5899509452054794 0.26183914329268293 0.6052666609589041 0.2892455762195122 0.6056909863013699 0.2979802972560976 0.6002907716894977 0.2981303018292683 0.5865019098173516 0.27031375152439024 0.5659854497716895 0.24242921951219512 0.5632762796803653 0.23242424847560975 0.5698588105022832 0.23140007012195124 0.5830964086757991 0.0719978993902439 0.6300046678082192
0 0.16850643902439025 0.4928595228310502 0.044621091463414635 0.4778550673515982 0.045993978658536584 0.492557549086758 0.08946978810975609 0.4995436107305936 0.1612880381097561 0.5091326997716895 0.2052967591463415 0.5091181894977169 0.2589213993902439 0.5151675844748859 0.27186996646341466 0.5153996952054795 0.2790953887195122 0.5100393732876712 0.25407242835365856 0.5101264178082192 0.16850643902439025 0.4928595228310502
0 0.19004450914634147 0.3854572716894977 0.18115276219512197 0.39373349086757986 0.1766248643292683 0.3938531735159817 0.09868037347560975 0.36949237557077624 0.08763717987804878 0.3674867899543379 0.08573180640243902 0.36926026484018265 0.08907147713414634 0.37434132648401824 0.09884441920731707 0.37752922945205475 0.17432341463414636 0.3973602305936073 0.17869428658536585 0.400116551369863 0.18108478201219513 0.4115407785388128 0.18776412347560975 0.4217029006849315 0.20413438567073172 0.4310344988584475 0.21279410365853657 0.43252871461187214 0.22876126829268295 0.43268103538812785 0.23582966463414634 0.4301967191780822 0.2443253368902439 0.4236540810502283 0.24741893750000002 0.4166798618721461 0.24335509603658537 0.3972586746575343 0.22626768597560976 0.38449980821917806 0.21498544512195122 0.38135180022831044 0.19989245426829266 0.38175074315068497 0.19004450914634147 0.3854572716894977
0 0.2547381905487805 0.31022781735159816 0.29971715396341464 0.33660871232876716 0.3212504375 0.3452294680365297 0.3548651356707317 0.3644439292237443 0.3578837332317073 0.36436414041095894 0.35740563414634147 0.36207929452054793 0.3338029298780488 0.3471951609589041 0.32577833536585366 0.34510978652968033 0.24480120274390244 0.29900306164383567 0.23804685823170732 0.2957353710045662 0.23137453506097563 0.2964861061643836 0.2467135975609756 0.3081424429223744 0.2547381905487805 0.31022781735159816
0 0.10511842987804879 0.2515762100456621 0.09120664481707316 0.23586155136986303 0.09875314024390244 0.23566207990867577 0.10106161128048781 0.2430678801369863 0.10789095731707316 0.2394411404109589 0.14094553201219512 0.25235232876712327 0.22096646798780487 0.29388936187214615 0.2305003612804878 0.2959348413242009 0.22954416310975612 0.29136515182648404 0.1495232286585366 0.2498281175799087 0.03589461585365854 0.1999894805936073 0.017761829268292683 0.19021452625570776 0.01887885975609756 0.20217700456621004 0.15733685823170732 0.29442249885844746 0.32739774390243903 0.39273975000000005 0.3347051905487805 0.3913978550228311 0.22352803201219512 0.32426330022831046 0.21979228506097562 0.3209158219178082 0.22518733536585367 0.31043454566210044 0.20890611890243904 0.3160342317351598 0.10511842987804879 0.2515762100456621
0 0.32159034146341464 0.2561930262557078 0.1553379695121951 0.027392961187214612 0.15479919512195123 0.02683283105022831 0.14358095579268293 0.02712935502283105 0.14445882469512195 0.033424228310502284 0.1689497469512195 0.07068534246575343 0.29076221341463415 0.24666921232876712 0.3382207164634147 0.2994056198630137 0.3497560518292683 0.32552176598173516 0.369062887195122 0.3307551484018265 0.3771624832317073 0.3259460924657534 0.36747156402439024 0.32677661529680363 0.35157940091463413 0.31972986301369866 0.32159034146341464 0.2561930262557078
0 0.4394047118902439 0.26801255707762556 0.3982974573170732 0.20936456506849316 0.25044436890243904 0.024304706621004566 0.2280225807926829 0.02489736643835616 0.33670216158536587 0.16159679223744292 0.4323363155487805 0.27049687328767125 0.4219493125 0.30063870319634706 0.42537100762195124 0.3097381906392694 0.43538299999999996 0.31406851598173513 0.4536516143292683 0.3107137808219178 0.4659580335365854 0.3006241917808219 0.4669751920731708 0.27647373630136984 0.45410162652439023 0.26934719634703197 0.4394047118902439 0.26801255707762556
0 0.48344608384146337 0.01897332876712329 0.472036431402439 0.018525545662100455 0.491934955792683 0.17817097260273973 0.5089824710365853 0.2523885582191781 0.5057388673780489 0.2731516392694064 0.5089215137195122 0.28110870547945205 0.5241785518292683 0.2887466152968037 0.5117760640243902 0.2729920616438356 0.5173820777439024 0.22000177853881278 0.48344608384146337 0.01897332876712329
0 0.6380065472560975 0.025039210045662102 0.631938800304878 0.23075867465753425 0.6380181265243903 0.296076243150685 0.6308887713414635 0.32728070662100456 0.6369259679878049 0.3271211301369863 0.6423960198170732 0.30974542237442926 0.6508565823170732 0.24863849543378996 0.651526818597561 0.025569826484018263 0.6380065472560975 0.025039210045662102
0 0.7298134451219512 0.364871845890411 0.709482431402439 0.3728760605022831 0.708294205792683 0.37807680479452055 0.7358506402439025 0.3647122682648402 0.7360756478658537 0.3440289771689498 0.7819405929878049 0.2658509851598173 0.8764969496951219 0.05772693264840183 0.8731572774390243 0.05264587100456621 0.8629132576219513 0.05808598173515982 0.7425628567073171 0.3025028139269406 0.7282151021341464 0.3499804566210046 0.7298134451219512 0.364871845890411
0 1 0.30706595319634705 0.9994507545731707 0.304441098173516 0.8477848414634146 0.3738153721461187 0.7751275243902439 0.41823930479452054 0.7584502317073171 0.42557257305936075 0.7428791432926829 0.4236866712328767 0.7512248109756098 0.4309328938356164 0.7765618216463415 0.42509384246575344 0.9026727088414633 0.3677695924657534 1 0.3177893116438356 1 0.30706595319634705
0 1 0.4911465102739726 0.883689181402439 0.4946329246575343 0.859226344512195 0.5010232408675799 0.8021120304878048 0.5036816461187215 0.7765289481707317 0.49746541894977164 0.7655607576219512 0.4885654029680365 0.7623851341463415 0.49152119520547943 0.7747055975609756 0.5032573219178083 0.8063258750000001 0.5093139714611872 0.8833821509146341 0.5112977910958904 1 0.5044036335616439 1 0.4911465102739726
0 1 0.6128603356164383 0.898852387195122 0.6033625582191782 0.7775483399390244 0.6002508287671232 0.7886735564024391 0.6062748401826484 0.8484924161585367 0.6092886552511415 0.8976711814024391 0.6194761598173516 1 0.626523899543379 1 0.6128603356164383
0 1 0.6568125308219178 0.9567119359756098 0.6477828515981735 0.873133342987805 0.6327609075342465 0.8424692652439025 0.6312739474885846 0.7860580548780488 0.6155339052511416 0.7770022606707317 0.6157732716894977 0.7672363399390244 0.6234982260273972 0.7697838597560975 0.632046450913242 0.7859830533536585 0.6224283367579908 0.8940385243902439 0.6528856803652968 1 0.6704916369863014 1 0.6568125308219178
0 1 0.9067043938356164 0.8277816051829268 0.7677880308219178 0.7609412637195122 0.7167126735159817 0.6916424466463414 0.6720203755707762 0.680599256097561 0.6700147899543379 0.7261383414634146 0.7026989566210046 0.7482387682926829 0.7285358436073059 0.7973565731707317 0.7674434942922373 1 0.9216946860730594 1 0.9067043938356164
0 1 0.755749089041096 0.7690667118902439 0.6286191826484018 0.7553259954268293 0.6318542351598174 0.8778603963414635 0.6952423664383562 0.872629393292683 0.7137604965753425 0.8924823079268293 0.7034714349315069 0.8989226021341463 0.7124911347031964 0.9147327408536585 0.715519460045662 0.9296757271341463 0.7289093789954338 0.9463600396341464 0.7324889691780823 0.9511340091463414 0.7444245662100456 0.9629693521341464 0.7429629897260275 0.9775912652439025 0.7511920582191781 0.9771201875000001 0.7598200707762558 0.99507475 0.762217343607306 0.998817518292683 0.7764776803652967 0.915702981707317 0.7419148664383561 0.7638497530487806 0.6689630273972603 0.7388197713414635 0.6581372134703196 0.7308772012195122 0.6600702671232876 0.8527764786585367 0.7240495570776256 0.9468592027439025 0.7675123869863014 1 0.789180446347032 1 0.755749089041096