0 0.7475 0.34176029962546817 0.741875 0.32397003745318353 0.74125 0.6563670411985019 0.74625 0.6638576779026217 0.7525 0.42602996254681647 0.7475 0.34176029962546817
0 0.80875 0.300561797752809 0.804375 0.29775280898876405 0.8 0.5065543071161048 0.80625 0.5402621722846442 0.80875 0.6732209737827716 0.81375 0.38857677902621723 0.80875 0.300561797752809
0 0.1975 0.3249063670411985 0.1975 0.31179775280898875 0.189375 0.29775280898876405 0.174375 0.299625468164794 0.16125 0.32303370786516855 0.17125 0.34737827715355807 0.16875 0.6750936329588015 0.175 0.6788389513108615 0.1775 0.34737827715355807 0.1975 0.3249063670411985
0 0.2325 0.300561797752809 0.223125 0.28277153558052437 0.225 0.6619850187265918 0.2325 0.6657303370786517 0.23625 0.3661048689138577 0.2325 0.300561797752809
0 0.655 0.6395131086142322 0.65875 0.36797752808988765 0.65625 0.3192883895131086 0.6475 0.29307116104868913 0.65875 0.27808988764044945 0.654375 0.27340823970037453 0.644375 0.27715355805243447 0.64125 0.28558052434456926 0.65 0.32303370786516855 0.64375 0.5833333333333334 0.64875 0.6395131086142322 0.655 0.6582397003745318 0.6425 0.6938202247191011 0.645 0.699438202247191 0.66 0.6657303370786517 0.655 0.6395131086142322
0 0.60625 0.3604868913857678 0.60125 0.27247191011235955 0.596875 0.26779026217228463 0.5925 0.6058052434456929 0.59625 0.6900749063670412 0.60125 0.697565543071161 0.60625 0.6132958801498127 0.60625 0.3604868913857678
0 0.34 0.5777153558052435 0.3375 0.3211610486891386 0.34125 0.300561797752809 0.325625 0.27340823970037453 0.3225 0.2799625468164794 0.33375 0.29868913857677903 0.325 0.38670411985018727 0.32625 0.6676029962546817 0.333125 0.6816479400749064 0.33875 0.6807116104868914 0.33375 0.6544943820224719 0.34 0.5777153558052435
0 0.70375 0.37359550561797755 0.7 0.32865168539325845 0.69375 0.3155430711610487 0.698125 0.28651685393258425 0.6925 0.2893258426966292 0.68875 0.30430711610486894 0.69375 0.34925093632958804 0.68875 0.39419475655430714 0.6875 0.5608614232209738 0.6925 0.6357677902621723 0.69 0.6844569288389513 0.695 0.6844569288389513 0.70375 0.5589887640449438 0.70375 0.37359550561797755
0 0.55625 0.6638576779026217 0.55875 0.39232209737827717 0.5475 0.30430711610486894 0.5525 0.2743445692883895 0.546875 0.27340823970037453 0.54125 0.29681647940074907 0.54625 0.33052434456928836 0.5425 0.5870786516853933 0.5475 0.6601123595505618 0.55375 0.6825842696629213 0.55375 0.7088014981273408 0.54875 0.7237827715355806 0.555 0.7237827715355806 0.56125 0.7069288389513109 0.55625 0.6638576779026217
0 0.29125 0.5795880149812734 0.28875 0.3717228464419476 0.28375 0.32865168539325845 0.2925 0.29681647940074907 0.28875 0.27808988764044945 0.283125 0.27340823970037453 0.28625 0.30243445692883897 0.2775 0.3249063670411985 0.27375 0.3661048689138577 0.27375 0.5720973782771536 0.28125 0.6732209737827716 0.2875 0.6844569288389513 0.28625 0.6114232209737828 0.29125 0.5795880149812734
0 0.49875 0.5870786516853933 0.5 0.3604868913857678 0.494375 0.24906367041198502 0.485 0.43913857677902624 0.48375 0.7125468164794008 0.4875 0.7144194756554307 0.49375 0.6900749063670412 0.49875 0.5870786516853933
0 0.44 0.6189138576779026 0.445 0.5758426966292135 0.4425 0.32865168539325845 0.44875 0.31179775280898875 0.44875 0.25749063670411987 0.444375 0.250936329588015 0.43125 0.2556179775280899 0.42875 0.27808988764044945 0.42875 0.3099250936329588 0.435 0.32865168539325845 0.43 0.38857677902621723 0.43125 0.6900749063670412 0.4375 0.697565543071161 0.44125 0.6919475655430711 0.44 0.6189138576779026
0 0.38875 0.5440074906367042 0.39 0.3717228464419476 0.385625 0.25842696629213485 0.38125 0.2649812734082397 0.37875 0.34737827715355807 0.3725 0.38108614232209737 0.37 0.598314606741573 0.3775 0.701310861423221 0.38125 0.6938202247191011 0.38875 0.5440074906367042
0 0.748125 0.4400749063670412 0.75375 0.450374531835206 0.75375 0.43913857677902624 0.748125 0.4400749063670412
0 0.7425 0.648876404494382 0.74625 0.6357677902621723 0.741875 0.6310861423220974 0.74125 0.6619850187265918 0.74625 0.6657303370786517 0.7475 0.6563670411985019 0.7425 0.648876404494382
0 0.7925 0.2949438202247191 0.750625 0.31086142322097376 0.74125 0.32303370786516855 0.74375 0.33801498127340823 0.748125 0.3202247191011236 0.7925 0.2949438202247191