0 0.54625 1 0.55625 0.44 0.57625 0.39111111111111113 0.57875 0.3488888888888889 0.56375 0.3111111111111111 0.53625 0.30444444444444446 0.51625 0.32666666666666666 0.51 0.38666666666666666 0.5175 0.42444444444444446 0.5475 0.4666666666666667 0.54 0.6066666666666667 0.5325 0.9911111111111112 0.5325 1 0.54625 1
0 0.645 1 0.6675 0.8355555555555556 0.71 0.5933333333333334 0.715 0.5155555555555555 0.73 0.47555555555555556 0.7275 0.4533333333333333 0.71375 0.42 0.725 0.4711111111111111 0.71 0.5066666666666667 0.69 0.5911111111111111 0.63125 1 0.645 1
0 0.64625 0.4022222222222222 0.65125 0.4222222222222222 0.62 0.5977777777777777 0.575 1 0.59125 0.9977777777777778 0.645 0.5733333333333334 0.64625 0.4888888888888889 0.65875 0.41333333333333333 0.65875 0.3977777777777778 0.65375 0.39555555555555555 0.64625 0.4022222222222222
0 0.76625 0.4688888888888889 0.76625 0.48 0.755 0.5 0.75125 0.56 0.7175 0.7244444444444444 0.6775 1 0.69125 0.9977777777777778 0.745 0.6933333333333334 0.7575 0.6 0.76 0.49777777777777776 0.78125 0.4888888888888889 0.79 0.47333333333333333 0.78875 0.4622222222222222 0.7775 0.4577777777777778 0.76625 0.4688888888888889
0 0.92375 1 0.94 0.96 0.95125 0.9133333333333333 0.995 0.8088888888888889 1 0.7888888888888889 0.99875 0.7444444444444445 0.9875 0.7888888888888889 0.9475 0.8822222222222222 0.92375 0.9555555555555556 0.9 1 0.92375 1
0 0.88 1 0.9575 0.7288888888888889 1 0.6244444444444445 0.99875 0.6066666666666667 0.94125 0.7444444444444445 0.8625 1 0.88 1
0 0.8525 1 0.865 0.9511111111111111 0.91125 0.7355555555555555 0.92 0.66 0.93625 0.6088888888888889 0.93625 0.5933333333333334 0.93 0.5911111111111111 0.91125 0.6711111111111111 0.89 0.7311111111111112 0.83125 1 0.8525 1
0 0.80375 1 0.82125 0.8888888888888888 0.84625 0.6933333333333334 0.8475 0.6177777777777778 0.85625 0.5488888888888889 0.8675 0.5088888888888888 0.8675 0.5022222222222222 0.855 0.5 0.83875 0.64 0.8225 0.7133333333333334 0.7875 1 0.80375 1
0 0.7475 1 0.7725 0.8577777777777778 0.80375 0.6488888888888888 0.805 0.5955555555555555 0.8175 0.5111111111111111 0.815 0.49777777777777776 0.81 0.49777777777777776 0.80875 0.5377777777777778 0.78375 0.6444444444444445 0.73125 1 0.7475 1
0 0.47125 1 0.39625 0.5111111111111111 0.3725 0.43555555555555553 0.37 0.3888888888888889 0.3625 0.38666666666666666 0.3775 0.54 0.42375 0.8 0.44875 0.9933333333333333 0.45 1 0.47125 1
0 0.29125 1 0.19125 0.6 0.15625 0.5088888888888888 0.135 0.4822222222222222 0.12125 0.4822222222222222 0.1175 0.49777777777777776 0.12375 0.5155555555555555 0.12875 0.5044444444444445 0.13875 0.5088888888888888 0.16625 0.5622222222222222 0.2625 1 0.29125 1
0 0.51 1 0.48125 0.6755555555555556 0.47875 0.5844444444444444 0.4575 0.42444444444444446 0.45875 0.36444444444444446 0.45125 0.3622222222222222 0.4475 0.3933333333333333 0.45375 0.5733333333333334 0.4875 0.9733333333333334 0.49125 1 0.51 1
0 0.36625 1 0.27 0.5933333333333334 0.2425 0.5155555555555555 0.22375 0.4866666666666667 0.23625 0.4488888888888889 0.2325 0.43555555555555553 0.22625 0.43555555555555553 0.21375 0.4866666666666667 0.24125 0.5488888888888889 0.2475 0.6022222222222222 0.32375 0.9088888888888889 0.34 1 0.36625 1
0 0.41875 1 0.325 0.5355555555555556 0.2875 0.44 0.3 0.40444444444444444 0.28375 0.40444444444444444 0.2775 0.41555555555555557 0.2775 0.44 0.28375 0.46444444444444444 0.29375 0.4777777777777778 0.3025 0.5155555555555555 0.3025 0.5444444444444444 0.3625 0.8111111111111111 0.3925 0.9866666666666667 0.39625 1 0.41875 1
0 0.18875 1 0.16625 0.9066666666666666 0.125 0.78 0.07875 0.6088888888888889 0.0325 0.48444444444444446 0.0225 0.48 0.0225 0.4911111111111111 0.0575 0.58 0.0875 0.6933333333333334 0.11375 0.8222222222222222 0.11625 0.8711111111111111 0.125 0.8911111111111111 0.12375 0.9133333333333333 0.1075 0.8955555555555555 0.10625 0.8733333333333333 0.08 0.8266666666666667 0.07125 0.7822222222222223 0.06 0.7622222222222222 0.01625 0.62 0 0.5911111111111111 0 0.6155555555555555 0.01125 0.6377777777777778 0.0225 0.6933333333333334 0.07375 0.8288888888888889 0.09 0.8911111111111111 0.115 0.94 0.115 0.9511111111111111 0.12375 0.9555555555555556 0.125 0.9711111111111111 0.13125 0.9777777777777777 0.12875 1 0.18875 1