0 0.145625 0.3408239700374532 0.133125 0.352059925093633 0.126875 0.3408239700374532 0.12125 0.3642322097378277 0.1225 0.5121722846441947 0.13 0.648876404494382 0.13625 0.6526217228464419 0.1475 0.48220973782771537 0.145625 0.3408239700374532
0 0.1975 0.3586142322097378 0.205 0.33614232209737827 0.196875 0.30337078651685395 0.19875 0.33239700374531833 0.19 0.3604868913857678 0.18625 0.41292134831460675 0.18625 0.6170411985018727 0.18875 0.6956928838951311 0.19375 0.7125468164794008 0.2 0.5889513108614233 0.1975 0.3586142322097378
0 0.24125 0.5702247191011236 0.23875 0.3717228464419476 0.24375 0.3155430711610487 0.234375 0.28651685393258425 0.23125 0.29119850187265917 0.2375 0.3249063670411985 0.22625 0.43352059925093633 0.22875 0.650749063670412 0.2225 0.6732209737827716 0.225 0.701310861423221 0.23625 0.6544943820224719 0.24125 0.5702247191011236
0 0.453125 0.31086142322097376 0.610625 0.3089887640449438 0.643125 0.3052434456928839 0.64625 0.2949438202247191 0.641875 0.28651685393258425 0.610625 0.28277153558052437 0.454375 0.28277153558052437 0.426875 0.2958801498127341 0.400625 0.32397003745318353 0.3625 0.33052434456928836 0.370625 0.33707865168539325 0.39875 0.33614232209737827 0.433125 0.3052434456928839 0.453125 0.31086142322097376
0 0.453125 0.4101123595505618 0.585625 0.4101123595505618 0.644375 0.4044943820224719 0.6475 0.3904494382022472 0.609375 0.3838951310861423 0.451875 0.3857677902621723 0.424375 0.40074906367041196 0.403125 0.4232209737827715 0.365 0.42790262172284643 0.366875 0.4363295880149813 0.40125 0.4353932584269663 0.438125 0.4044943820224719 0.453125 0.4101123595505618
0 0.39 0.5308988764044944 0.398125 0.5262172284644194 0.499375 0.5262172284644194 0.523125 0.5374531835205992 0.644375 0.5355805243445693 0.64875 0.5102996254681648 0.641875 0.49625468164794007 0.520625 0.49625468164794007 0.503125 0.5056179775280899 0.399375 0.5074906367041199 0.38875 0.5009363295880149 0.386875 0.4681647940074906 0.366875 0.46629213483146065 0.36 0.47097378277153557 0.36 0.5608614232209738 0.364375 0.5674157303370787 0.385 0.5664794007490637 0.38875 0.5627340823970037 0.39 0.5308988764044944
0 0.431875 0.6161048689138576 0.450625 0.6235955056179775 0.606875 0.6235955056179775 0.639375 0.6198501872659176 0.64125 0.6076779026217228 0.605625 0.599250936329588 0.444375 0.599250936329588 0.423125 0.6086142322097379 0.393125 0.6367041198501873 0.35625 0.6413857677902621 0.356875 0.6479400749063671 0.3925 0.648876404494382 0.406875 0.6423220973782772 0.431875 0.6161048689138576
0 0.448125 0.7059925093632958 0.609375 0.7097378277153558 0.639375 0.7078651685393258 0.64375 0.697565543071161 0.639375 0.6891385767790262 0.600625 0.6835205992509363 0.445625 0.6797752808988764 0.426875 0.6872659176029963 0.395625 0.7172284644194756 0.365625 0.7172284644194756 0.35625 0.7237827715355806 0.359375 0.7303370786516854 0.39875 0.7294007490636704 0.430625 0.700374531835206 0.448125 0.7059925093632958
0 0.775 0.4147940074906367 0.77 0.3586142322097378 0.785 0.29868913857677903 0.784375 0.27715355805243447 0.77875 0.28370786516853935 0.7625 0.351123595505618 0.76125 0.7162921348314607 0.76625 0.7181647940074907 0.77625 0.5870786516853933 0.775 0.4147940074906367
0 0.82 0.6657303370786517 0.82125 0.38670411985018727 0.81875 0.351123595505618 0.81 0.3249063670411985 0.815625 0.3052434456928839 0.8025 0.31741573033707865 0.8125 0.35674157303370785 0.81 0.6320224719101124 0.81625 0.6844569288389513 0.80875 0.7294007490636704 0.8125 0.7312734082397003 0.82625 0.699438202247191 0.82 0.6657303370786517
0 0.875625 0.36329588014981273 0.859375 0.37453183520599254 0.853125 0.36329588014981273 0.84875 0.37734082397003743 0.855 0.6713483146067416 0.8625 0.6788389513108615 0.8775 0.5046816479400749 0.875625 0.36329588014981273