0 0.6522607579617834 0.924333619047619 0.6590173550955415 0.9235680785714285 0.6576987882165605 0.9138329928571429 0.6378983296178343 0.8955829238095239 0.6049247786624204 0.7843394595238096 0.4969732101910828 0.5019206142857143 0.49514300159235675 0.5139957166666667 0.526545148089172 0.6335389071428571 0.60289150477707 0.843247569047619 0.6309192595541401 0.9023389047619048 0.6513760175159236 0.9183268023809523 0.6522607579617834 0.924333619047619
0 0.915832520700637 0.7939275166666667 0.8037373614649682 0.9071709595238094 0.836866673566879 0.9034173309523809 0.902219800955414 0.8408486666666666 0.915832520700637 0.7939275166666667
0 0.46047793789808916 0.42011593809523806 0.46839069108280257 0.42167495 0.4976195684713376 0.3901266738095238 0.5859996640127388 0.3219247690476191 0.7234734713375797 0.1883030642857143 0.7824859952229299 0.14636084523809526 0.7941978535031847 0.1290582357142857 0.7906203949044586 0.11543939285714284 0.5788447436305733 0.29468707857142856 0.5022136656050955 0.3742914642857143 0.46151315286624206 0.4050144261904762 0.46047793789808916 0.42011593809523806
0 0.6447659251592357 0.8027116785714287 0.6924926050955414 0.903469588095238 0.6906531305732484 0.9199836714285714 0.6971976910828025 0.9192421571428572 0.6994716751592357 0.8967136047619048 0.6821577213375796 0.8641262595238095 0.6653242181528662 0.7952830714285715 0.5949217149681528 0.5939199357142857 0.5532775796178344 0.5067961404761905 0.5577144060509553 0.4713198023809524 0.5504579538216561 0.4674986166666667 0.5462985111464969 0.5135521214285714 0.5605711910828025 0.5393224119047619 0.6447659251592357 0.8027116785714287
0 0.14045605573248407 0.4967260619047619 0.14138974044585986 0.5050410547619048 0.1461411066878981 0.5088469690476191 0.19908966401273884 0.4676231833333333 0.3715975127388535 0.3055101523809524 0.38251438057324844 0.28518113333333334 0.43563878662420386 0.27795101904761904 0.4697391464968153 0.2411447 0.4303512324840765 0.26734331666666666 0.3902698630573248 0.26709901904761907 0.3560122340764331 0.28426420952380954 0.17863290286624203 0.4516352880952381 0.14045605573248407 0.4967260619047619
0 0.12047974681528663 0.44448232142857147 0.12431600955414013 0.4543257880952381 0.17068299363057324 0.4213711880952381 0.2873582850318471 0.3133060142857143 0.34951361305732487 0.25476435 0.3610867802547771 0.23217315714285713 0.4171137675159236 0.2264715142857143 0.4624083773885351 0.17991334047619048 0.4132775047770701 0.2166280476190476 0.3688422627388535 0.2140910404761905 0.33458463375796177 0.23125623333333334 0.13284790445859873 0.4249175380952381 0.12047974681528663 0.44448232142857147
0 0.7623526496815287 0.8385540595238095 0.7438647898089172 0.8157796428571429 0.6363750891719745 0.48275241190476187 0.6066558200636942 0.4410247619047619 0.599500902866242 0.4137870738095238 0.6009150350318472 0.3858462238095238 0.5923459824840764 0.3865493857142857 0.5863005939490445 0.40162035952380953 0.5945278885350319 0.4424616238095238 0.6144670398089173 0.46600027857142856 0.6437430159235669 0.5726888595238095 0.6850082340764332 0.6726519952380953 0.7055393089171974 0.7460500666666666 0.7368857197452229 0.8225356238095238 0.756686178343949 0.8407856952380953 0.7686110445859872 0.8861818428571429 0.7718925429936305 0.8748709761904762 0.7623526496815287 0.8385540595238095
0 0.6494911417197452 0.3279771857142857 0.6336656353503185 0.3248591619047619 0.633564101910828 0.34827566666666665 0.66435574522293 0.40360689285714285 0.7055565875796178 0.5556916214285714 0.7366256146496816 0.6216000119047619 0.8137669617834395 0.8343350857142856 0.8224747054140127 0.8389205071428572 0.8249612117834395 0.824583230952381 0.7258746544585988 0.5663909357142858 0.6958036878980892 0.45667594523809524 0.6607597070063694 0.3756355047619047 0.6494911417197452 0.3279771857142857
0 0.8625832945859873 0.7583381261904761 0.8345926990445861 0.7279518785714285 0.8208004681528663 0.6659257428571428 0.7395454729299363 0.4327700380952381 0.7161489729299363 0.3865485809523809 0.7000460859872611 0.37285339285714286 0.70484325 0.31018517142857144 0.6958952818471338 0.3237276738095238 0.6951746050955414 0.3781114380952381 0.7098262022292994 0.3910423880952381 0.7242375748407643 0.42210125952380956 0.7464973248407644 0.5068407357142857 0.828269928343949 0.7324456857142857 0.8554655318471337 0.7598055238095238 0.8544303168789809 0.7749070357142858 0.8385032770700637 0.795205519047619 0.8457597308917197 0.7990267023809523 0.8603741703821656 0.7832525666666666 0.8625832945859873 0.7583381261904761
0 0.8540958949044586 0.5165612476190476 0.8207805859872611 0.44686220952380956 0.8036697006369427 0.3674418547619048 0.7849044570063695 0.33409027142857145 0.7661020557324841 0.27203360238095237 0.7560817133757962 0.27197252857142856 0.7535952070063694 0.2863098023809524 0.7855335382165606 0.41265477857142857 0.8576647165605095 0.6253593166666667 0.8789536242038217 0.6730787095238095 0.8958515031847134 0.6898003095238096 0.8934021544585987 0.7328426714285714 0.905530087579618 0.7314058071428572 0.9107804840764331 0.7133084238095239 0.906389453821656 0.6823106261904762 0.8877629012738852 0.6542476261904762 0.8540958949044586 0.5165612476190476
0 0.7935007277070064 0.25256043095238095 0.813818796178344 0.2632597428571429 0.8498336178343949 0.3813202642857143 0.9567734474522294 0.6528098523809523 0.9637505159235669 0.6287608690476191 0.9187105143312102 0.5245089880952382 0.8774081385350317 0.39584076428571424 0.8136801035031848 0.2579711595238095 0.7935007277070064 0.25256043095238095
0 0.278488300955414 0.23431358333333333 0.38963581050955415 0.13376862857142857 0.40321503503184714 0.13309600238095237 0.4171087993630573 0.17170563095238095 0.4443687786624204 0.1469438761904762 0.44381401273885346 0.12578954523809524 0.41509280254777065 0.040255292857142855 0.40427746815286625 0.03716780952380953 0.3799200684713376 0.06345804047619048 0.3968551066878981 0.1088847238095238 0.3532520127388535 0.1380792142857143 0.2722670636942675 0.21539088571428572 0.22285880891719745 0.2415284285714286 0.09906575636942676 0.35106100238095234 0.09011778821656051 0.3646035047619048 0.09437012420382165 0.39031271904761905 0.11323690445859871 0.4002477976190476 0.23492236464968155 0.29221315952380955 0.278488300955414 0.23431358333333333
0 0.301069928343949 0.05844509761904762 0.3581507101910828 0.051994488095238094 0.4055529092356688 0.003938378571428571 0.39131738694267515 0.006873176190476191 0.35787332643312103 0.041417321428571435 0.30777161464968156 0.04111195 0.27391148089171974 0.05979034761904762 0.07559494108280256 0.24742936904761903 0.059150294585987265 0.27527860952380956 0.0693093280254777 0.2806282666666667 0.13305464012738852 0.22813942142857144 0.20823442834394904 0.1477708 0.28251768949044587 0.0877922738095238 0.301069928343949 0.05844509761904762
0 0.28646798885350316 0 0.25341756369426754 0.015097361904761904 0.16835612579617834 0.10069349047619047 0.045875671974522296 0.20570172142857143 0.027042164012738856 0.23601839523809523 0.025026386942675158 0.24296650238095238 0.0306420923566879 0.2524431166666667 0.05002647611464968 0.2548274380952381 0.061460952229299363 0.2269476642857143 0.250173224522293 0.05511331428571428 0.2799197101910828 0.016014285714285714 0.2904576608280255 0.008524602380952382 0.3441182547770701 0.00809627619047619 0.3530313678343949 0 0.28646798885350316 0