0 0.48965537138728327 1 0.4710024407514451 0.8720161061776062 0.47415804335260114 0.8553891351351351 0.46700045953757224 0.8556703494208494 0.4644035708092486 0.8645092586872587 0.4689065072254335 0.9808240463320462 0.4709600476878613 1 0.48965537138728327 1
0 0.34438004335260114 1 0.3942328309248555 0.8925060849420849 0.40396578612716766 0.8513515888030887 0.4326010260115607 0.7929514420849421 0.42323501156069365 0.7991440096525096 0.3652619855491329 0.9033519710424711 0.3222564494219653 1 0.34438004335260114 1
0 0.6489840838150289 1 0.6371708670520231 0.9683884768339768 0.5670892196531793 0.8061120173745174 0.5451585505780346 0.7710553803088802 0.6408018988439306 1 0.6489840838150289 1
0 0.6143051589595376 1 0.6022557528901734 0.9775263783783783 0.5965561112716763 0.952510444015444 0.5754503034682081 0.9183921660231661 0.5168423063583815 0.7877001332046332 0.521935289017341 0.8137106679536679 0.6033066257225433 1 0.6143051589595376 1
0 0.7927831835260115 1 0.731512039017341 0.8870207413127413 0.634109264450867 0.7374668803088803 0.6299370274566474 0.7259816332046333 0.633576975433526 0.7200140386100385 0.6284575664739884 0.7192444111969112 0.6265152803468208 0.7338821853281854 0.6705948164739884 0.8059284131274131 0.6901467962427746 0.8517569111969112 0.7761502976878613 1 0.7927831835260115 1
0 0.7160462239884393 0.7245399942084941 0.7166744017341041 0.7555797683397683 0.7334377182080924 0.7830733108108109 0.752702034682081 0.7881410154440155 0.7726473800578034 0.7737666795366795 0.8432975578034683 0.8137045096525097 0.8469375072254335 0.8077369131274131 0.7775006445086705 0.7658098841698842 0.7713166589595376 0.7301345733590733 0.7582891777456648 0.710260362934363 0.7318672774566474 0.7054738764478765 0.7160462239884393 0.7245399942084941
0 0.7786278887283238 0.6356831891891892 0.771108274566474 0.6136510540540541 0.7622530303468208 0.6052620926640926 0.7397851647398844 0.6100278957528957 0.7226284841040462 0.6427371891891892 0.724374088150289 0.6582008320463321 0.7367469667630058 0.6722761718146718 0.7565699985549132 0.6695558108108107 0.7752061416184971 0.6435837413127413 0.9155506820809248 0.7086234633204633 0.9134644667630057 0.6901424652509652 0.7786278887283238 0.6356831891891892
0 0.8883855505780346 0.46797794787644786 0.8111526112716763 0.49073221235521236 0.7128358829479768 0.5305132837837838 0.724335960982659 0.536856803088803 0.8364570838150289 0.511094832046332 0.890847260115607 0.4897852857142857 0.8883855505780346 0.46797794787644786
0 0.7106636921965318 0.39663316602316606 0.7316256719653179 0.41037104633204635 0.7481492702312138 0.40389726061776066 0.7582442543352601 0.38505611583011584 0.7596542543352601 0.35296549806949806 0.8240030404624278 0.31160671428571424 0.8229120375722544 0.3019419362934363 0.7563548193641618 0.34921207335907334 0.7327000650289017 0.3307261698841699 0.7133134335260115 0.3373124420849421 0.7026597341040463 0.36394165057915057 0.7106636921965318 0.39663316602316606
0 0.771732676300578 0.12241982625482625 0.7092469002890174 0.2248635637065637 0.7015306026011561 0.2329328436293436 0.6935002167630058 0.22548223938223938 0.6873856936416185 0.22863476640926642 0.6912174147398844 0.24984103474903474 0.6261347500000001 0.3611236776061776 0.6523169320809249 0.33194283783783785 0.7662463280346822 0.15661212934362936 0.8167671242774567 0.06355080501930502 0.7947085419075145 0.06183447683397684 0.7073359465317919 0.15698514864864865 0.6125055202312139 0.28496878764478767 0.5949603800578035 0.3206056351351352 0.6422532803468208 0.2682677915057915 0.7407236560693642 0.1343165579150579 0.7687258106936417 0.10215191698841698 0.7742816213872832 0.1067874555984556 0.771732676300578 0.12241982625482625
0 0.5907930520231214 0.2518451061776062 0.5907235895953757 0.2130172664092664 0.6133930447976879 0.12087476447876448 0.6242925549132948 0.04857479343629344 0.6064334739884394 0.04718522007722008 0.5892490375722543 0.14900476254826253 0.5832254942196532 0.22301950386100386 0.5860620997109827 0.2481479247104247 0.5753125130057803 0.26119020463320464 0.5665052124277457 0.25959470849420846 0.5718907658959538 0.26909075675675675 0.5881961632947977 0.2606840154440155 0.5907930520231214 0.2518451061776062
0 0.5319717615606936 0.06194483976833976 0.5361048020231214 0.04171310424710425 0.5219353482658959 0.04061061003861004 0.4949607153179191 0.1798906833976834 0.47457896965317914 0.19039910810810812 0.47950169364161854 0.22127015444015444 0.5001231604046242 0.24472905598455597 0.5189031329479769 0.23913738223938225 0.5158483236994219 0.21207600772200771 0.5009049826589596 0.1815986640926641 0.5319717615606936 0.06194483976833976
0 0.4124484291907514 0.11129597876447876 0.4357098193641618 0.189984722007722 0.43342701734104044 0.21434351544401542 0.44109537283236994 0.19948076833976836 0.4391795101156069 0.18887763513513514 0.43122349421965317 0.1629795888030888 0.4236129002890173 0.07008523938223937 0.4188219956647399 0.04017977799227799 0.4026710043352601 0.04081433976833977 0.4124484291907514 0.11129597876447876
0 0.3421455606936416 0.26549734555984555 0.35539124132947975 0.28730450965250964 0.35616815751445086 0.2814493996138996 0.3388725520231214 0.23650301351351352 0.3258499783236994 0.15935352316602316 0.2977247789017341 0.04493760231660232 0.28312091329479766 0.045511376447876443 0.3103214956647399 0.16190515444015446 0.3421455606936416 0.26549734555984555
0 0.21392063005780346 0.21228935714285713 0.2729435086705202 0.31481292664092664 0.2807292687861272 0.3455714845559846 0.30069613294797687 0.36323152123552127 0.30598579768786127 0.3591406370656371 0.2862371343930636 0.34341355598455603 0.24725548699421965 0.24010258108108107 0.14866151300578034 0.05079418918918919 0.1335259421965318 0.051388855212355214 0.21392063005780346 0.21228935714285713
0 0.23600683236994222 0.4143113281853282 0.28409325722543355 0.4454280308880309 0.29125084104046245 0.44514681274131274 0.29688101878612716 0.4313349092664092 0.29037803757225433 0.4374149903474903 0.27254523554913296 0.4322910444015444 0.20587552167630058 0.3766645984555984 0.12780259393063584 0.3282902277992278 0.13067789595375723 0.3537614285714286 0.1937423598265896 0.39655658494208496 0.23600683236994222 0.4143113281853282
0 0.1866179971098266 0.5754571100386101 0.2732859089595375 0.5662274054054054 0.2977440072254335 0.5536172934362934 0.30150626734104047 0.5359957220077219 0.2982068338150289 0.5322422972972972 0.291145137283237 0.546110444015444 0.2736264234104046 0.556506386100386 0.23354395809248554 0.558081194980695 0.1792686401734104 0.5485644652509652 0.1527855823699422 0.5496049652509652 0.1555845 0.5743995115830116 0.1866179971098266 0.5754571100386101
0 0.17765214306358382 0.7253070617760619 0.17277517919075144 0.726685164092664 0.17502243208092486 0.746592723938224 0.24172987716763006 0.7324971351351351 0.26740128901734106 0.7178978262548263 0.32092611849710984 0.7080287606177605 0.3286424161849711 0.6999594787644787 0.17765214306358382 0.7253070617760619
0 0.24783949421965318 0.78661988996139 0.32662576011560696 0.733044694980695 0.3484125968208093 0.7477209324324324 0.3549155780346821 0.7416408494208494 0.34632647832369945 0.7419783108108108 0.3386366069364162 0.7248066833976834 0.32124020664739883 0.7235486486486487 0.29622339595375724 0.7439468243243244 0.2201083901734104 0.7702356698841699 0.17992675867052021 0.7900382683397683 0.18256493352601158 0.8134088513513513 0.24783949421965318 0.78661988996139
0 0.2064580346820809 1 0.24721811127167628 0.9594403339768339 0.31457867052023125 0.8810741776061777 0.38548329046242774 0.7831534922779924 0.35903496242774563 0.8036079131274131 0.21252119942196532 0.9705111930501931 0.20128066184971097 0.9792043223938224 0.20362816907514453 1 0.2064580346820809 1
0 0.2813661271676301 0.8416069768339768 0.355958637283237 0.7445121621621622 0.3390730086705202 0.7286725945945945 0.3388283815028902 0.7519805482625482 0.2629746098265896 0.8442710945945946 0.19672806069364163 0.9388745868725868 0.19896118786127168 0.9586570038610039 0.26394330057803467 0.8655898494208494 0.27825846676300575 0.865027415057915 0.2813661271676301 0.8416069768339768