0 0.4587508002717391 0.46237439634146343 0.4273641657608696 0.46484882317073173 0.4089793804347826 0.4904079837398374 0.4024367418478261 0.525587087398374 0.4062201114130435 0.5408321077235773 0.4008562907608696 0.5514552581300813 0.21325631929347824 0.6571203231707318 0.2138005285326087 0.6622437967479674 0.2185636956521739 0.6814368861788618 0.34206113722826087 0.6193234166666666 0.36011557608695655 0.5982943191056911 0.40256020244565216 0.5700435243902439 0.4145901236413043 0.5686977113821139 0.42409375 0.5894088109756097 0.44198649999999995 0.5999647662601626 0.4745067527173913 0.5903358373983739 0.4861802391304348 0.5729007926829268 0.49333837364130434 0.5460630081300814 0.49324099864130433 0.5222258638211382 0.4847997010869566 0.49114241666666664 0.4587508002717391 0.46237439634146343
0 0.5036337418478262 0.9554521260162602 0.5888867961956522 0.9472794390243903 0.5976753682065218 0.9423293048780488 0.5915373519021739 0.9153785386178862 0.5754389130434783 0.8886079491869918 0.5535750176630435 0.8737727296747968 0.5371723192934783 0.8721515020325203 0.5122640067934783 0.8948690203252032 0.5023657201086956 0.9341101808943089 0.5036337418478262 0.9554521260162602
0 0.2719217608695652 0.8964421849593496 0.2782124157608696 0.9217902601626016 0.28041115217391305 0.927719424796748 0.3958385720108696 0.8887693008130081 0.47448944836956525 0.8422974552845528 0.49400784918478263 0.8095837906504065 0.5007713220108696 0.8426982682926829 0.5043860326086956 0.8308883008130082 0.4962750828804348 0.7952747865853659 0.4902244782608695 0.7943387703252033 0.4702331548913044 0.8251468069105692 0.4023551222826087 0.8329709024390244 0.3063557051630435 0.8740102642276423 0.2719217608695652 0.8964421849593496
0 0.26049628125 0.8064444796747968 0.38920372554347826 0.744810430894309 0.42512482744565216 0.713717993902439 0.4681849483695652 0.6938085203252032 0.48033135733695653 0.6782791036585366 0.47843967119565217 0.670656593495935 0.41992269157608697 0.692756093495935 0.37912980434782606 0.6983565609756097 0.2768920081521739 0.7494256666666667 0.24162536005434782 0.7743634207317074 0.2492447391304348 0.8050655609756098 0.26049628125 0.8064444796747968
0 0.18834293070652172 0.5596629004065041 0.22454031114130438 0.5443367073170732 0.3292331127717391 0.46799284146341463 0.38018335190217395 0.41540330081300814 0.3941240706521739 0.38365924796747963 0.4285812078804348 0.3642513800813008 0.39894368478260867 0.36791262398373986 0.3735172513586957 0.40612596544715446 0.33381277989130437 0.4219733800813008 0.27458990625 0.4705344613821138 0.1820435095108696 0.5313489085365853 0.18277688722826085 0.5372346341463414 0.18834293070652172 0.5596629004065041
0 0.15414115081521737 0.4189168861788618 0.15477994293478262 0.4244214857723577 0.16001086548913043 0.4454993841463415 0.17272068342391303 0.4410320081300813 0.30331283967391304 0.32838042886178864 0.3397520625 0.2817921707317073 0.38035717798913043 0.28715745731707315 0.3852480788043478 0.2746286808943089 0.379644308423913 0.2549789979674797 0.3445647024456522 0.20740550406504066 0.37224622826086956 0.25154394715447154 0.37704672826086955 0.27381806707317075 0.33771780298913046 0.26773396951219514 0.29305114402173915 0.2928923150406504 0.15414115081521737 0.4189168861788618
0 0.12656230298913043 0.31071904471544715 0.1301239605978261 0.325070674796748 0.14755847826086957 0.3161966097560976 0.18494354347826086 0.2734196056910569 0.26477323641304346 0.20239180894308942 0.2985175054347826 0.15080547764227645 0.3567493369565218 0.11583459349593496 0.3652097472826087 0.10889729471544715 0.36587044157608695 0.09983716666666667 0.35424215624999994 0.09987076219512195 0.28977194701086956 0.14487139024390244 0.2658546793478261 0.1539987154471545 0.1316739008152174 0.2990795589430894 0.12656230298913043 0.31071904471544715
0 0.119040625 0.19542326829268292 0.21297620923913047 0.09038638617886179 0.14150955434782608 0.13063974390243902 0.10315604483695652 0.1783062174796748 0.09684986005434783 0.19099332520325205 0.10115926086956521 0.2083579756097561 0.119040625 0.19542326829268292
0 0.8296528654891304 0.67917681300813 0.7987391508152174 0.6835568678861789 0.5927022214673913 0.7735425020325204 0.5735593682065218 0.784324650406504 0.5707479266304347 0.7935101829268293 0.5731125339673914 0.803038319105691 0.5822597269021739 0.8076601890243902 0.8788157649456522 0.7014419491869919 0.9363417010869566 0.6929326422764228 0.936951976902174 0.6924611422764227 0.9240990801630435 0.6406706402439024 0.8296528654891304 0.67917681300813
0 0.8779434483695653 0.4546874065040651 0.852033074728261 0.4645753394308943 0.7301795027173913 0.5245209674796748 0.6118241548913044 0.5868402276422764 0.5367427894021739 0.6389035548780488 0.539580316576087 0.6503373170731708 0.5469783980978261 0.6537723699186991 0.5908417894021739 0.6312384593495936 0.6064412201086956 0.6354841239837398 0.6624510190217391 0.5974207926829269 0.8852209945652174 0.504526325203252 0.889386710597826 0.5007978170731707 0.8779434483695653 0.4546874065040651
0 0.5333923057065217 0.48766478048780487 0.8428684470108696 0.3133533678861789 0.8322736630434783 0.2706618902439024 0.6048067866847826 0.406172831300813 0.5816475883152173 0.4300771666666667 0.5242190258152174 0.46242361585365854 0.5186674307065218 0.4840125243902439 0.5333923057065217 0.48766478048780487
0 0.7828997133152175 0.07171050609756097 0.7418493722826086 0.0792041768292683 0.7197785910326087 0.11335546138211383 0.6331402255434783 0.16867022967479675 0.5137486358695652 0.2619811361788618 0.5049126766304347 0.29084994715447154 0.48529690081521737 0.2997264695121951 0.44966094836956527 0.34369029065040646 0.4260549144021739 0.38630829471544714 0.4542475869565218 0.3563108719512195 0.566079410326087 0.29114996951219513 0.7948533124999999 0.11987730081300814 0.7828997133152175 0.07171050609756097
0 0.5830957649456522 0 0.48087711413043477 0.10022000406504065 0.44859680978260874 0.1401217682926829 0.43290697826086955 0.17067900203252032 0.38611566032608696 0.2165820487804878 0.3799485692934783 0.2298296361788618 0.3929243328804348 0.23229507520325202 0.4176900692934783 0.20314186382113822 0.4649091100543479 0.17654589430894307 0.5233287146739131 0.13060925203252033 0.6657888070652174 0 0.5830957649456522 0
0 0.39788073641304345 0 0.3703527350543478 0.029980565040650407 0.36290945380434786 0.043946961382113826 0.3658895543478261 0.06181642073170732 0.3729572880434782 0.06978153658536584 0.38411265353260865 0.0678423130081301 0.44893606385869567 0 0.39788073641304345 0