0 0.8520297762148338 0.7651434042145594 0.8841801355498721 0.633373082375479 0.912184652173913 0.48792580076628356 0.910859189258312 0.46249811685823755 0.9026472071611253 0.4709931264367816 0.8923224514066496 0.4547251877394636 0.8648860012787725 0.5934465478927202 0.8451731739130435 0.7662477567049809 0.8520297762148338 0.7651434042145594
0 0.7936689859335038 0.6769992088122606 0.7774841470588235 0.8015360287356322 0.7854768797953965 0.7869798314176245 0.8021799232736573 0.7104143199233717 0.8391139974424552 0.5090189137931035 0.8448943017902814 0.45572972605363987 0.8413264961636829 0.4243873946360154 0.8484322621483376 0.3965258927203065 0.8344698938618926 0.4254917471264368 0.8378184514066497 0.4507728908045977 0.7936689859335038 0.6769992088122606
0 0.756276611253197 0.6414221187739463 0.7459717276214833 0.7266397931034483 0.748622652173913 0.7774951590038314 0.7561768887468031 0.7508165842911878 0.7540641125319693 0.7260536379310345 0.7958416649616368 0.512760969348659 0.8043726163682865 0.40093268199233717 0.8166507340153453 0.37026570306513407 0.814408388746803 0.3643510536398467 0.7998879271099744 0.3891033850574713 0.794665716112532 0.4466060957854406 0.756276611253197 0.6414221187739463
0 0.40691905754475705 0.21337781800766284 0.43837171355498716 0.23054622605363984 0.5937414667519182 0.29768650383141765 0.6145305217391304 0.30043463601532566 0.6429236023017902 0.345171469348659 0.6705592864450127 0.3577546973180077 0.6797778299232737 0.3546561417624521 0.6432724194373401 0.3323843582375479 0.6224036572890025 0.29378729118773944 0.5975883554987212 0.26945334482758626 0.4431155396419437 0.20467892528735632 0.41154328644501276 0.19541937164750958 0.40569324808184143 0.20192017816091953 0.40691905754475705 0.21337781800766284
0 0.4447897493606138 0.3406840038314176 0.5757826969309463 0.3956127107279694 0.5916286214833759 0.39628806321839083 0.6224932672634271 0.442061285440613 0.6563078644501279 0.45723549042145595 0.6596863388746803 0.4496982931034483 0.6228420843989769 0.42927417432950193 0.6058999181585678 0.3982928831417624 0.5814234603580563 0.37211127203065136 0.4260537071611253 0.3049709923371648 0.3871763836317135 0.29563286015325674 0.3877245051150895 0.3107858295019157 0.4447897493606138 0.3406840038314176
0 0.4934635831202046 0.4526227203065134 0.373592679028133 0.4023577720306513 0.36425453964194376 0.41336517816091956 0.3640053746803069 0.4401223314176245 0.4835374335038364 0.49223494444444443 0.5090503708439897 0.49099467049808426 0.6091487544757034 0.5329684923371648 0.6163342289002558 0.5409559233716474 0.6118096508951406 0.5728844118773946 0.614839310741688 0.578134325670498 0.6350602992327367 0.5876083812260536 0.6405714948849105 0.5829552413793103 0.6568360409207161 0.4942673544061303 0.6508863491048593 0.48679811877394635 0.630774983375959 0.4803546570881226 0.62299152685422 0.511911490421456 0.6113014194373402 0.513973653256705 0.5090703145780051 0.469115775862069 0.4934635831202046 0.4526227203065134
0 0.3851531483375959 0.5425084118773946 0.5396259641943734 0.6072828314176245 0.5595180805626598 0.6076651053639847 0.5794899040920717 0.6438963122605365 0.5925154462915602 0.6563223831417624 0.6279046713554988 0.6701671187739464 0.6297085191815857 0.6639593908045976 0.5941000460358056 0.6440534674329502 0.5695239373401535 0.6039018160919539 0.550209858056266 0.5858541724137931 0.3907939117647059 0.5190069731800767 0.3540493094629156 0.5125528946360154 0.3537004923273658 0.5253400057471265 0.3851531483375959 0.5425084118773946
0 0.33531319820971867 0.6002043908045976 0.3377747902813299 0.6121802279693487 0.367094726342711 0.6264645804597702 0.5271883606138108 0.6896164501915708 0.5455058503836318 0.69132819348659 0.5717662109974424 0.7331809712643678 0.6105239386189258 0.7504279559386973 0.6147993516624041 0.7452566187739463 0.6067169386189258 0.7349033295019156 0.577058158567775 0.7224666398467433 0.5515851099744246 0.6799491283524904 0.5344037519181586 0.6647855421455939 0.3804890306905371 0.6042246494252873 0.3411632378516624 0.5937035862068966 0.33531319820971867 0.6002043908045976
0 0.21047921867007674 0.5697455555555555 0.21576119309462916 0.5699706724137932 0.28060013171355497 0.209157938697318 0.2767333695652174 0.1359054846743295 0.2723583043478261 0.1271067816091954 0.26784369820971865 0.14809582375478927 0.27183005754475703 0.2134394233716475 0.25672158695652175 0.26679657279693486 0.2243120895140665 0.43626349042145596 0.21047921867007674 0.5697455555555555
0 0.21608030434782607 0.21990837931034482 0.16682822250639384 0.49572855363984675 0.1545501061381074 0.5263955363984675 0.16238335166240409 0.5635059770114943 0.16642954475703325 0.5632128984674329 0.16714712276214833 0.5157597835249043 0.18281368797953965 0.4666161609195402 0.23015229667519183 0.19397311877394635 0.24715429539641945 0.15931772988505746 0.23638107033248082 0.1418668620689655 0.23838422250639385 0.1635992164750958 0.22498991815856778 0.18583914942528737 0.21608030434782607 0.21990837931034482
0 0.19058731202046036 0.19926976053639847 0.18880340792838873 0.1835985938697318 0.18059142710997445 0.19209360344827586 0.16655932352941177 0.17427107854406132 0.13912287212276214 0.312992438697318 0.12243970460358057 0.4910435632183908 0.13120977877237852 0.48676207662835247 0.19058731202046036 0.19926976053639847