0 0.53625 0.34176029962546817 0.5275 0.3099250936329588 0.509375 0.2902621722846442 0.499375 0.2902621722846442 0.495 0.2799625468164794 0.495 0.0046816479400749065 0.479375 0 0.475 0.18258426966292135 0.48125 0.21254681647940074 0.48375 0.2762172284644195 0.480625 0.29213483146067415 0.465625 0.29775280898876405 0.45375 0.31741573033707865 0.44875 0.36235955056179775 0.455 0.38295880149812733 0.468125 0.40074906367041196 0.481875 0.40823970037453183 0.5025 0.40730337078651685 0.5275 0.38295880149812733 0.53625 0.34176029962546817
0 0.079375 0 0.075 0.006554307116104869 0.0175 0.21067415730337077 0.02 0.2743445692883895 0.00375 0.30243445692883897 0.020625 0.3333333333333333 0.03625 0.34363295880149813 0.015 0.3099250936329588 0.015 0.300561797752809 0.05875 0.23314606741573032 0.1025 0.025280898876404494 0.101875 0 0.079375 0
0 0.125 0.2949438202247191 0.1275 0.2743445692883895 0.14625 0.24812734082397003 0.1525 0.22940074906367042 0.15125 0.2050561797752809 0.185 0.017790262172284643 0.179375 0 0.15625 0.0046816479400749065 0.11 0.21254681647940074 0.11 0.2406367041198502 0.11625 0.2612359550561798 0.115 0.29307116104868913 0.12 0.3099250936329588 0.114375 0.31647940074906367 0.0925 0.31741573033707865 0.12625 0.3211610486891386 0.13 0.3155430711610487 0.125 0.2949438202247191
0 0.241875 0 0.23875 0.008426966292134831 0.21875 0.18258426966292135 0.22125 0.21816479400749064 0.215 0.2687265917602996 0.208125 0.2883895131086142 0.193125 0.28651685393258425 0.175625 0.301498127340824 0.165 0.32865168539325845 0.165 0.3548689138576779 0.181875 0.39325842696629215 0.200625 0.40823970037453183 0.22375 0.4091760299625468 0.244375 0.3970037453183521 0.26 0.37359550561797755 0.26625 0.3529962546816479 0.26125 0.3136704119850187 0.241875 0.2883895131086142 0.228125 0.28277153558052437 0.22625 0.2687265917602996 0.2325 0.21254681647940074 0.245 0.17134831460674158 0.258125 0 0.241875 0
0 0.315 0.2818352059925094 0.3325 0.19194756554307116 0.34 0.0552434456928839 0.338125 0 0.3175 0.0046816479400749065 0.3025 0.16573033707865167 0.30375 0.2818352059925094 0.31625 0.31741573033707865 0.295 0.3155430711610487 0.300625 0.32397003745318353 0.32375 0.3249063670411985 0.32625 0.31741573033707865 0.315 0.2818352059925094
0 0.399375 0 0.39375 0.017790262172284643 0.3875 0.20318352059925093 0.39375 0.25936329588014984 0.39125 0.3211610486891386 0.39625 0.34176029962546817 0.40125 0.34176029962546817 0.4075 0.25936329588014984 0.4175 0.2050561797752809 0.42125 0.05711610486891386 0.418125 0 0.399375 0
0 0.5875 0.29119850187265917 0.59125 0.2350187265917603 0.5825 0.14325842696629212 0.5775 0.0046816479400749065 0.559375 0 0.55625 0.0552434456928839 0.56625 0.2144194756554307 0.58 0.29681647940074907 0.59375 0.3249063670411985 0.59375 0.37546816479400746 0.60125 0.33614232209737827 0.5875 0.29119850187265917
0 0.676875 0.3389513108614232 0.6625 0.33801498127340823 0.67875 0.2893258426966292 0.67875 0.22378277153558052 0.65125 0.0046816479400749065 0.634375 0 0.6325 0.02153558052434457 0.655 0.22565543071161048 0.67 0.28745318352059923 0.65375 0.33801498127340823 0.659375 0.34831460674157305 0.6725 0.34737827715355807 0.71125 0.31741573033707865 0.676875 0.3389513108614232
0 0.713125 0 0.7125 0.02902621722846442 0.725 0.09082397003745318 0.74 0.21629213483146068 0.75875 0.2762172284644195 0.76 0.36235955056179775 0.76125 0.37546816479400746 0.76625 0.3792134831460674 0.77 0.3642322097378277 0.765 0.26685393258426965 0.7675 0.23314606741573032 0.7275 0.014044943820224719 0.720625 0 0.713125 0
0 0.789375 0 0.79125 0.03089887640449438 0.83125 0.23689138576779026 0.8475 0.2705992509363296 0.8475 0.28558052434456926 0.824375 0.31273408239700373 0.81625 0.33239700374531833 0.819375 0.34269662921348315 0.83625 0.34737827715355807 0.86375 0.33614232209737827 0.82375 0.33614232209737827 0.83 0.31741573033707865 0.85625 0.28745318352059923 0.85625 0.23127340823970038 0.80625 0.015917602996254682 0.799375 0 0.789375 0
0 0.868125 0 0.86875 0.02902621722846442 0.925 0.2443820224719101 0.946875 0.2902621722846442 0.975 0.2893258426966292 0.97 0.3136704119850187 0.9375 0.3586142322097378 0.9425 0.3604868913857678 0.97875 0.31179775280898875 0.98375 0.28370786516853935 0.978125 0.27340823970037453 0.95125 0.2799625468164794 0.94625 0.21816479400749064 0.88875 0.006554307116104869 0.885625 0 0.868125 0
0 0 0.9915730337078652 0.005 0.9915730337078652 0.01625 0.9653558052434457 0.1025 0.4410112359550562 0.10125 0.43164794007490637 0.093125 0.4250936329588015 0.085 0.4353932584269663 0 0.8661048689138576 0 0.9915730337078652
0 0.15 0.9279026217228464 0.16 0.800561797752809 0.175 0.7069288389513109 0.205 0.4410112359550562 0.205 0.4166666666666667 0.196875 0.4101123595505618 0.18875 0.43164794007490637 0.13875 0.7874531835205992 0.115 0.9241573033707865 0.1175 0.9672284644194756 0.13125 0.9765917602996255 0.14625 0.954119850187266 0.15 0.9279026217228464
0 0.27375 0.9297752808988764 0.2825 0.7911985018726592 0.29 0.75 0.305 0.4559925093632959 0.305 0.42790262172284643 0.300625 0.42134831460674155 0.294375 0.42134831460674155 0.28875 0.43164794007490637 0.25375 0.8473782771535581 0.24 0.9241573033707865 0.2425 0.9559925093632958 0.26 0.9691011235955056 0.26875 0.9578651685393258 0.27375 0.9297752808988764
0 0.39875 0.8885767790262172 0.40375 0.7125468164794008 0.40625 0.5402621722846442 0.400625 0.42696629213483145 0.393125 0.42696629213483145 0.38875 0.4353932584269663 0.3875 0.499063670411985 0.38 0.5177902621722846 0.38375 0.6020599250936329 0.365 0.9185393258426966 0.37 0.9597378277153558 0.378125 0.9719101123595506 0.3875 0.9728464419475655 0.39375 0.9559925093632958 0.39875 0.8885767790262172
0 0.5125 0.5889513108614233 0.50625 0.5514981273408239 0.50625 0.46722846441947563 0.495625 0.45318352059925093 0.48875 0.47097378277153557 0.48875 0.9335205992509363 0.49875 0.9934456928838952 0.51125 0.9990636704119851 0.5175 0.9840823970037453 0.5125 0.5889513108614233
0 0.64375 0.9466292134831461 0.65625 0.8698501872659176 0.64375 0.8305243445692884 0.64 0.701310861423221 0.625 0.5177902621722846 0.61125 0.49719101123595505 0.6125 0.4691011235955056 0.59875 0.4091760299625468 0.581875 0.3651685393258427 0.59 0.4110486891385768 0.59125 0.5758426966292135 0.61625 0.9335205992509363 0.62375 0.9897003745318352 0.64125 0.9953183520599251 0.64625 0.9784644194756554 0.64375 0.9466292134831461
0 0.7775 0.8679775280898876 0.765 0.8323970037453183 0.75375 0.6938202247191011 0.72875 0.5271535580524345 0.71625 0.47284644194756553 0.70375 0.44288389513108617 0.6925 0.36797752808988765 0.686875 0.35580524344569286 0.68125 0.3717228464419476 0.69 0.41292134831460675 0.69 0.48220973782771537 0.6975 0.5720973782771536 0.745 0.9410112359550562 0.76 0.9466292134831461 0.77 0.9316479400749064 0.7775 0.8679775280898876
0 0.89 0.9709737827715356 0.88 0.8586142322097379 0.875 0.8567415730337079 0.87 0.8323970037453183 0.8425 0.648876404494382 0.84 0.596441947565543 0.805 0.40730337078651685 0.799375 0.39325842696629215 0.788125 0.3913857677902622 0.78125 0.397940074906367 0.77875 0.41292134831460675 0.825 0.6825842696629213 0.85125 0.8792134831460674 0.8625 0.903558052434457 0.87375 0.9822097378277154 0.885 0.9953183520599251 0.89 0.9897003745318352 0.89 0.9709737827715356
0 1 0.7612359550561798 0.9575 0.647003745318352 0.90625 0.43913857677902624 0.901875 0.42696629213483145 0.890625 0.4250936329588015 0.88625 0.4410112359550562 0.93125 0.6245318352059925 0.94375 0.701310861423221 1 0.9260299625468165 1 0.7612359550561798
0 1 0.4110486891385768 0.990625 0.40636704119850187 0.98375 0.41292134831460675 0.98375 0.42228464419475653 1 0.47659176029962547 1 0.4110486891385768