0 0.44912710675675677 0 0.48822465675675675 0.1966977874493927 0.4858203486486486 0.20931906275303644 0.4754424621621622 0.21360495141700406 0.4607103945945946 0.24188859514170039 0.45823198108108104 0.2788542672064777 0.47585670405405406 0.3180889109311741 0.5068501918918918 0.3327742955465587 0.5284487675675676 0.3249115789473684 0.5411648945945946 0.31120306477732795 0.5510963851351351 0.28701622064777327 0.5533105283783784 0.26284514372469636 0.5388007783783784 0.2180955870445344 0.5223991851351352 0.2026696072874494 0.505667254054054 0.20323687854251013 0.4991230459459459 0.18796845748987856 0.4885130418918919 0.12046593724696357 0.48878535 0.08652559109311742 0.4693330027027027 0 0.44912710675675677 0
0 0.8349330378378379 0 0.843551227027027 0.014011917004048583 0.8684469027027027 0.03332983603238866 0.8753134108108109 0.05375076315789473 0.8743965027027026 0.0773861032388664 0.8794533108108108 0.08164045951417004 0.913701945945946 0.06326787651821862 0.8908061337837838 0.07166633198380568 0.8836092891891891 0.06723865182186235 0.8853029297297298 0.04751102024291498 0.8774034567567567 0.014831232793522267 0.8787620418918919 0 0.8349330378378379 0
0 0.7387406027027027 0 0.7466629810810811 0.01385447165991903 0.7648001675675676 0.06979141902834009 0.7657670662162163 0.08524893117408906 0.7526625716216215 0.0970035890688259 0.7377983689189188 0.13168453036437247 0.7407651310810811 0.17485841497975707 0.7515233472972974 0.19367213157894736 0.7725933824324325 0.2113986093117409 0.7965221594594594 0.21525901821862348 0.8203268391891892 0.20437097570850202 0.836678441891892 0.1807041012145749 0.8462296040540541 0.13341765182186235 0.8407924675675675 0.1060636923076923 0.8241346418918919 0.08228656072874493 0.802866404054054 0.07415603036437247 0.7876879405405406 0.08253871862348178 0.7764752905405405 0.0649697955465587 0.759503204054054 0.014894408906882591 0.7576374405405405 0 0.7387406027027027 0
0 0.6294834783783784 0 0.6386120743243243 0.035220955465587046 0.6754149878378378 0.12150565789473684 0.6711188378378379 0.163450512145749 0.675266777027027 0.17019445748987852 0.699071458108108 0.1593064149797571 0.703161368918919 0.14810325708502026 0.6814967243243243 0.15916462348178137 0.6870901121621622 0.11668403238866397 0.6652430162162162 0 0.6294834783783784 0
0 0.5338055378378378 0 0.5531186040540541 0.08532798380566801 0.5747591310810811 0.13770387044534413 0.5983334554054054 0.2209947773279352 0.6035223986486487 0.21885183400809718 0.6044393067567567 0.1952164939271255 0.5890287256756757 0.13181077327935223 0.5838638972972973 0.07051646558704452 0.5672527594594594 0 0.5338055378378378 0
0 0.3790166878378379 0.19105695951417004 0.39455940405405404 0.2480653805668016 0.3896106148648648 0.300850979757085 0.4055497364864865 0.3386675020242915 0.3950638283783784 0.2859134372469636 0.40350791891891896 0.25071252834008095 0.40068937027027024 0.15884984210526315 0.3803193972972973 0.0055226923076923074 0.3568148864864865 0.015229649797570851 0.3690673608108108 0.09156794736842105 0.3790166878378379 0.19105695951417004
0 0.2741079337837838 0.04938619028340081 0.2858799756756757 0.21683535425101214 0.29947281756756755 0.28522025506072873 0.32643442432432435 0.3290558987854251 0.3117103945945946 0.3361937894736842 0.2715701891891892 0.3284572044534413 0.3179983716216216 0.34311105668016195 0.3318135310810811 0.33846275506072876 0.3355150756756757 0.3253057449392713 0.30816510135135133 0.27951624898785427 0.310915822972973 0.20861022469635626 0.29654890405405404 0.040118459514170035 0.2741079337837838 0.04938619028340081
0 0.1957180635135135 0.2646418846153846 0.20530313918918916 0.29873978947368424 0.22030927567567568 0.4024831538461538 0.22730791891891894 0.4165067813765182 0.23172012837837838 0.4104561275303644 0.23029879594594596 0.3962434129554656 0.2137311527027027 0.3058303805668016 0.22076195 0.235271004048583 0.21030819594594594 0.09793393522267207 0.21035791216216215 0.07571385020242916 0.19281448513513513 0.08295898178137652 0.1957180635135135 0.2646418846153846
0 0.1303357662162162 0.29587212955465586 0.12936322297297298 0.10916325910931174 0.10859924324324324 0.11773842307692309 0.10322594864864865 0.3007252854251012 0.11487695675675676 0.35934091497975706 0.14833278108108108 0.37935212550607283 0.15870262972972973 0.3962119898785425 0.11719108243243244 0.41335554048582995 0.14806047162162164 0.413292475708502 0.16460223918918918 0.4011754028340081 0.1657093108108108 0.3890898643724697 0.15319942432432432 0.3720566781376518 0.12356924054054054 0.3536369089068826 0.12046230540540541 0.3380060728744939 0.1303357662162162 0.29587212955465586
0 0.01807374189189189 0.15512389271255062 0.01120452027027027 0.2619122348178138 0.01722692837837838 0.40268955870445344 0.021409905405405404 0.40111255870445345 0.034596544594594596 0.34386774696356276 0.045626901351351355 0.14374491295546557 0.01807374189189189 0.15512389271255062
0 1 0.30886285222672066 0.9459524783783784 0.1831462813765182 0.9353844270270271 0.17588236437246962 0.9283116770270271 0.18620314170040486 0.9289562756756756 0.19650814777327935 1 0.3793075850202429 1 0.30886285222672066
0 1 0.6655166700404859 0.9631843162162163 0.573507532388664 0.8375051662162162 0.22370465991902835 0.8246069135135135 0.20471761943319838 0.8175341648648649 0.2150383967611336 0.8225829351351351 0.2404385 0.9088646986486487 0.5050281437246964 0.9438498770270269 0.5962920263157895 0.9806367135135134 0.7248682287449393 0.9899655581081082 0.750614979757085 1 0.7590570789473684 1 0.6655166700404859
0 0.8525987283783784 0.779859947368421 0.863613177027027 0.8070248178137651 0.8750240283783784 0.8149977914979757 0.8904667635135136 0.793820508097166 0.8864589972972973 0.759533512145749 0.8562663581081081 0.6853185850202429 0.733726295945946 0.26656354251012143 0.7257527162162162 0.25822815587044534 0.7192665378378379 0.2609068360323887 0.716085495945946 0.26962040283400807 0.7219110000000001 0.2989282165991903 0.7984514378378378 0.5992545060728744 0.8147789256756757 0.6390248846153846 0.8525987283783784 0.779859947368421
0 0.6726356351351351 0.6089293967611337 0.7143310702702703 0.7904487550607288 0.7335012229729729 0.8586445647773279 0.743482704054054 0.8735505748987854 0.7530177905405405 0.8685556275303644 0.7589254378378378 0.8523732874493927 0.7555703081081081 0.8072455506072874 0.6704777594594595 0.4850802186234818 0.6568929567567567 0.3955495688259109 0.6452258716216216 0.37922544129554653 0.6307241608108108 0.3133301315789474 0.6244361837837838 0.3064128643724696 0.616652768918919 0.3096272813765182 0.6343114054054054 0.43024627732793524 0.6726356351351351 0.6089293967611337
0 0.6302508918918919 0.8759142510121457 0.5343242621621621 0.39331224493927125 0.5234999797297297 0.3776971781376518 0.5153862256756757 0.39690484008097165 0.5328627378378378 0.4848282834008097 0.5341438972972973 0.5265840485829959 0.6109003743243243 0.9409902449392712 0.6186947810810811 0.9515138704453441 0.6263971189189189 0.9483329372469635 0.6323007486486487 0.942723475708502 0.6302508918918919 0.8759142510121457
0 0.4480334635135135 0.834883532388664 0.44321681081081077 0.8812718319838057 0.4721122135135135 0.9560224979757085 0.4741748418918919 0.9736685728744939 0.5005287824324325 0.9720599858299596 0.4979328337837838 0.9305593238866396 0.4496994689189189 0.5466584372469635 0.4168204148648649 0.3741835263157895 0.41573745945945945 0.3228318117408907 0.407351395945946 0.3759798218623482 0.4055095445945946 0.4443962570850203 0.41263228243243244 0.47316833400809716 0.40263472432432434 0.5005538279352227 0.425127854054054 0.6984603785425101 0.4480334635135135 0.834883532388664
0 0.3055259216216216 0.739396939271255 0.3225899513513514 0.8888037793522268 0.3169965648648649 0.9312843704453442 0.33391049054054056 0.9822300060728746 0.36498315000000003 0.980333398785425 0.3386576851351351 0.5882882894736843 0.32779948783783786 0.4912888704453441 0.31342991216216215 0.4189962611336032 0.31396649054054054 0.3722613157894737 0.3048278108108108 0.3580643663967611 0.3015146337837838 0.3731752307692308 0.3053741878378378 0.45615102631578947 0.2986157 0.4927700546558704 0.29690598243243244 0.5547891882591093 0.3055259216216216 0.739396939271255
0 0.21362213783783782 0.9338056052631578 0.2134819635135135 0.9613486558704453 0.20868138783783785 0.9654454534412955 0.21126273243243243 0.9897161599190283 0.23986174324324325 0.9879705384615385 0.24278984864864867 0.974615923076923 0.2292532756756757 0.7582107672064777 0.22132616486486487 0.45703351821862354 0.2156247581081081 0.44247415587044536 0.20713067702702703 0.4385822145748988 0.19584392027027026 0.4453576923076923 0.1929191108108108 0.4624224109311741 0.19582156486486488 0.6747623016194332 0.20410136891891892 0.7305416923076923 0.21362213783783782 0.9338056052631578
0 0.11558938378378378 0.5324146295546559 0.10774793918918919 0.5176819453441296 0.09646118378378378 0.5244574230769231 0.09444524189189188 0.539032552631579 0.08436730135135136 0.777875552631579 0.0753604027027027 0.8384932591093117 0.10309817702702703 0.9780405951417005 0.1098995364864865 0.8286442307692308 0.10694885 0.7431788441295547 0.11558938378378378 0.5324146295546559