0 0.8812619922077922 0.5008749930795847 0.9000078558441558 0.4977807214532872 0.917791474025974 0.5046788321799308 0.9234525025974026 0.5025712577854671 0.9185112051948052 0.48748023183391004 0.8680105532467532 0.48195617301038063 0.8424186194805194 0.48138363148788926 0.8436894324675325 0.4938855294117647 0.864146812987013 0.4917079602076124 0.8812619922077922 0.5008749930795847
0 0.8106195181818181 0.4144398702422145 0.8100319116883117 0.4298867975778547 0.8688919623376624 0.4587857837370242 0.9109710207792208 0.46445204671280277 0.9052402155844157 0.44694981487889274 0.8183617662337662 0.42515403633217996 0.8106195181818181 0.4144398702422145
0 0.8061091025974026 0.3187676107266436 0.8532974324675325 0.2883133719723183 0.8471518532467532 0.26954439619377163 0.7959060636363636 0.2962276539792387 0.7573860259740259 0.32944831660899654 0.7557553428571429 0.34170961937716265 0.7662374194805194 0.32630837024221454 0.7805171688311687 0.3181950709342561 0.8061091025974026 0.3187676107266436
0 0.7303025415584415 0.169146892733564 0.7238054571428572 0.1945633633217993 0.732858935064935 0.22436843079584776 0.7450672961038961 0.24010162802768165 0.7631447181818182 0.239276276816609 0.7686795597402597 0.22385218858131486 0.7652013402597402 0.18521203633217992 0.8062347623376622 0.14458108996539792 0.804150561038961 0.13821580968858133 0.7632620857142858 0.1749790588235294 0.7398223727272727 0.1637380259515571 0.7303025415584415 0.169146892733564
0 0.6925076714285714 0.8489837128027682 0.6967203999999999 0.8683152093425606 0.715668348051948 0.8981659515570933 0.7272530649350649 0.9114197837370244 0.7381442077922078 0.9052317820069204 0.7207220688311688 0.8877380553633218 0.7030045155844157 0.8638002076124568 0.6951410155844157 0.8333190294117646 0.6925076714285714 0.8489837128027682
0 0.7407900441558442 0.8498882006920415 0.768958783116883 0.8877239169550173 0.779155987012987 0.8819301903114187 0.7149556064935064 0.8097816418685121 0.7103682415584416 0.7849956020761246 0.7129098675324675 0.8099993996539792 0.7299993974025973 0.8427951712802768 0.7407900441558442 0.8498882006920415
0 0.9217842363636364 0.6828225069204152 0.8550350363636364 0.6470710847750866 0.8529341142857143 0.6104820951557094 0.8451110311688312 0.5865899221453287 0.8269123571428572 0.5676482647058824 0.8134479506493506 0.5696309134948097 0.805011612987013 0.5848144065743944 0.8050263792207792 0.6150321505190312 0.8137052207792207 0.6393826747404844 0.8305265974025975 0.656273169550173 0.8554500909090909 0.6591146297577855 0.9152063168831168 0.6950609723183392 0.9305695610389609 0.6967222975778546 0.9217842363636364 0.6828225069204152
0 0.6062827194805195 0 0.6145069285714286 0.09136415224913495 0.6217532857142857 0.07685676816608997 0.6225363935064935 0 0.6062827194805195 0
0 0.529973787012987 0 0.5377015896103896 0.02921104152249135 0.5604472116883117 0.06634973356401384 0.5694859220779221 0.06593705882352942 0.570782387012987 0.05481021626297578 0.5587869935064935 0.018175550173010382 0.5483314883116883 0 0.529973787012987 0
0 0.3511982051948052 0.1880720813148789 0.354206187012987 0.1778619429065744 0.3472132155844156 0.1780568598615917 0.33210335584415585 0.16208306920415225 0.28310824155844155 0.07279427162629758 0.282787974025974 0.07203167128027682 0.2686867207792208 0.08004355536332179 0.27999377662337666 0.09345514532871972 0.3411164181818182 0.18529913321799307 0.3511982051948052 0.1880720813148789
0 0.7448333337662337 0.6747352301038062 0.7395922961038962 0.6824358546712803 0.7418657688311687 0.6915343719723184 0.7783035350649351 0.7360066903114186 0.8009426727272727 0.7835961176470588 0.8456673207792207 0.8441405588235295 0.8643131688311687 0.8335465813148789 0.8123869922077923 0.7582024844290658 0.7447268493506493 0.68518596366782 0.7448333337662337 0.6747352301038062
0 0.1960167974025974 0.7723362422145329 0.30830143246753244 0.7036193408304499 0.3206419272727273 0.685273062283737 0.40672071038961033 0.6184190605536332 0.33498774285714283 0.6601200242214533 0.29787065584415584 0.6717631107266436 0.18518547662337662 0.7392567197231834 0.1960167974025974 0.7723362422145329
0 0.7015997116883116 0 0.6899823831168831 0.02014439100346021 0.6491119233766234 0.11515275778546713 0.6519473532467532 0.1324330899653979 0.6621356272727272 0.1247553044982699 0.6940077922077922 0.03674861591695502 0.714730738961039 0 0.7015997116883116 0
0 0.7265174025974026 0 0.7109760701298702 0.049777378892733565 0.70458547012987 0.06474311418685122 0.6965898363636364 0.06834141349480968 0.6984630233766234 0.09561412802768167 0.6784098142857142 0.16368172837370243 0.6815390467532468 0.17323859688581314 0.6881978 0.1741781384083045 0.7431311558441559 0.00789371107266436 0.7446024922077923 0 0.7265174025974026 0
0 0.25381889220779225 0.4984329221453287 0.3243362285714286 0.4810368079584775 0.3650893220779221 0.45032565916955014 0.3663049506493507 0.4260208114186851 0.3620261558441558 0.423729053633218 0.3589116909090909 0.4443899273356401 0.311312525974026 0.47143426297577856 0.25113036363636365 0.4772908598615917 0.23148832467532468 0.47333777681660893 0.10611581948051949 0.4977731366782007 0.11661014285714286 0.5298234446366782 0.2182664194805195 0.5148544429065744 0.25381889220779225 0.4984329221453287
0 0.35292603376623377 0.8312848598615916 0.40913408701298704 0.7615665588235294 0.43172892337662333 0.7185027560553634 0.4400587779220779 0.7137699982698962 0.45118364415584417 0.7197285674740485 0.4647693025974026 0.737512929065744 0.4607034779220779 0.7143197006920415 0.4474924558441558 0.701989884083045 0.427556612987013 0.7057602647058824 0.39953342077922077 0.7537974204152249 0.3523088935064935 0.7862962993079585 0.23732431298701298 0.898491929065744 0.24825793246753244 0.9318838737024221 0.35292603376623377 0.8312848598615916
0 0.31508766363636365 0.28037601384083044 0.33499785454545455 0.30023437543252596 0.3419908285714286 0.30003945674740484 0.3412415532467532 0.28913037024221455 0.3283647519480519 0.27566609342560555 0.26303326753246753 0.2485548373702422 0.18764564545454546 0.1950418910034602 0.12486828311688311 0.1617566297577855 0.09401810389610389 0.179284723183391 0.2234958038961039 0.2549611349480969 0.31508766363636365 0.28037601384083044
0 0.5073481675324676 0.8653962041522492 0.4780036012987013 0.9893927352941176 0.4925354636363636 0.9890548217993079 0.5103709155844156 0.8854038062283737 0.5411634727272727 0.8716867197231833 0.5526886246753246 0.8594710934256056 0.5747215051948051 0.8082254757785466 0.5712837025974026 0.7761743252595156 0.5596372961038961 0.7686229429065744 0.5424560506493507 0.7764956505190311 0.5272140584415584 0.7946013339100345 0.5083764779220779 0.8383640813148788 0.5073481675324676 0.8653962041522492
0 0.6233926805194805 0.9704299602076124 0.6275142935064936 0.904802223183391 0.6235293012987013 0.8947870017301037 0.6128641350649351 0.976411946366782 0.6233926805194805 0.9704299602076124
0 0.8219208207792208 0.4769721955017301 0.8174142896103896 0.46536416262975777 0.8173482233766233 0.48240389965397923 0.8351318428571428 0.4893020138408305 0.8466974142857142 0.48367538927335635 0.8219208207792208 0.4769721955017301