0 0.478572725 1 0.4786550027777778 0.9239050222222221 0.47119367500000003 0.7980501314814815 0.47564049305555556 0.782234774074074 0.4686992222222222 0.7823425092592592 0.46544674027777777 0.7907292888888888 0.46002595138888885 0.9019640407407408 0.46201964027777775 1 0.478572725 1
0 0.2915899208333333 1 0.395276 0.8159010462962963 0.40814048611111114 0.7767986592592593 0.44072258750000004 0.7216438981481481 0.43115024444444444 0.7273500018518518 0.3663650555555556 0.8256123259259259 0.27154422500000003 1 0.2915899208333333 1
0 0.6542127333333333 1 0.6236945152777778 0.8938662037037037 0.5695966555555556 0.7372424870370371 0.5513466166666666 0.7032543037037037 0.6365457902777778 0.9603571092592593 0.6466041680555555 1 0.6542127333333333 1
0 0.6332433416666666 1 0.589182075 0.9018119148148148 0.5857753402777778 0.8777821574074074 0.5682436680555556 0.8447090814814815 0.5225811097222223 0.7185208592592592 0.5253179555555556 0.7434872685185184 0.5898607791666667 0.9277365240740741 0.6213380722222221 1 0.6332433416666666 1
0 0.6401375930555555 0.6731622666666667 0.6370702111111112 0.6620948148148148 0.6410895375 0.6564749 0.6362064083333334 0.655624437037037 0.6330993652777778 0.6695664888888889 0.6696479194444445 0.7393946074074074 0.6846939555555556 0.783621324074074 0.7910161236111111 0.9996410499999999 0.8041228291666667 0.9994376203703704 0.7217096652777777 0.8182444962962964 0.6401375930555555 0.6731622666666667
0 0.7323044597222222 0.7189707537037038 0.7504972013888889 0.7242459129629629 0.7709816625 0.7109604018518518 0.8359078944444445 0.7507079055555556 0.8399272208333334 0.7450879907407407 0.7763407652777778 0.7034671814814815 0.7733615236111111 0.6692419833333333 0.7624405888888889 0.6499601296296297 0.737306575 0.6447927055555556 0.7204139472222222 0.6626537444444445 0.7184131 0.692324962962963 0.7323044597222222 0.7189707537037038
0 0.7750935236111111 0.549728188888889 0.7529784138888889 0.5537764574074074 0.7336486277777777 0.5846428944444444 0.7340364597222222 0.5994569592592592 0.7448119583333332 0.6131835388888889 0.7641990388888888 0.6110301203703703 0.7843926277777779 0.5866340611111112 0.8850145430555555 0.6371079962962963 0.8846008875 0.6213074537037038 0.7883634736111111 0.5791623888888888 0.7829470763888889 0.5579425888888889 0.7750935236111111 0.549728188888889
0 0.7336133611111112 0.47719784629629636 0.7441949430555557 0.4835173962962963 0.8547220152777778 0.46142428703703703 0.8801805041666667 0.4524612851851852 0.8795653680555555 0.42896483888888887 0.8319766805555555 0.4413997055555556 0.7336133611111112 0.47719784629629636
0 0.7783812430555556 0.35701609074074075 0.7897208541666667 0.3392412388888889 0.7937798416666666 0.3086118203703704 0.8594464680555556 0.2705424 0.8592040736111112 0.26128361111111115 0.7909063763888888 0.30495139814814815 0.7695977722222223 0.2867570277777778 0.75030765 0.2926139611111111 0.7377737 0.3178173907407407 0.7427626041666667 0.3492326333333333 0.7618676277777778 0.3628299296296296 0.7783812430555556 0.35701609074074075
0 0.736301698611111 0.20854213148148149 0.6640507875 0.31340411481481484 0.6918070555555556 0.2861119092592592 0.8166485583333333 0.12115333703703704 0.8693681124999999 0.03945837592592592 0.8687154263888889 0.014527572222222222 0.8653476250000001 0.01850941111111111 0.7596816541666667 0.12018501111111111 0.6572769805555555 0.24033509629629632 0.6373257875 0.2739899444444444 0.6874307430555555 0.2250469962962963 0.7938547430555556 0.09927699814814814 0.823620675 0.06917483518518518 0.828600761111111 0.07372881296296296 0.8248238305555555 0.08860751666666666 0.7558253986111112 0.18508272407407408 0.7476897888888888 0.19261903888888887 0.7405546027777777 0.1853197425925926 0.734380176388889 0.18819434074074073 0.736301698611111 0.20854213148148149
0 0.6719219472222222 0.08357067222222223 0.6907934819444445 0.00535855925925926 0.6734083583333333 0.0052236999999999995 0.6462238194444445 0.10990467962962962 0.6341834763888888 0.18048694814814814 0.6348137013888888 0.2045598 0.6233286527777777 0.21677937777777778 0.61495065 0.21505690185185183 0.6193578069444444 0.22425105 0.6358229416666666 0.21658545185185185 0.6390754222222222 0.20819867407407408 0.6422706069444445 0.17109887592592593 0.6719219472222222 0.08357067222222223
0 0.5903440611111112 0.004579361111111111 0.5525012361111111 0.13729449444444444 0.5319198152777778 0.14687649259259258 0.5340837319444444 0.1764830685185185 0.5520428986111111 0.19936070185185187 0.5706631319444444 0.19444042222222221 0.5699844277777777 0.16851581296296295 0.5581027319444444 0.1390600648148148 0.5981813986111111 0.025434874074074076 0.6043225819444444 0.004687794444444444 0.5903440611111112 0.004579361111111111
0 0.4901355680555555 0.16882889444444443 0.4987956291666667 0.15480065370370372 0.49783486805555555 0.14462675925925925 0.4923215138888889 0.1197034425925926 0.49277103333333333 0.030775974074074078 0.49079001527777777 0.003945322222222222 0.4750871583333333 0.004189046296296296 0.47851829444444444 0.06989990555555556 0.4943884722222222 0.1456065074074074 0.4901355680555555 0.16882889444444443
0 0.40982837222222224 0.23120818518518518 0.3968889569444444 0.1878750277777778 0.3907850375 0.11386935370370371 0.37351117638888887 0.005765611111111111 0.3593262625 0.005985777777777778 0.3755627194444444 0.11595813148148147 0.39761614027777775 0.21565139444444445 0.4085855541666667 0.23678500555555554 0.40982837222222224 0.23120818518518518
0 0.3315308375 0.2907775185185185 0.3493445652777778 0.30809987777777775 0.354800625 0.30431017407407407 0.337035375 0.28883957222222223 0.3080406847222222 0.18925404444444444 0.22945534583333335 0.008001509259259259 0.21473890694444442 0.008229922222222222 0.27816016111111114 0.16193016666666665 0.3265904125 0.2612140333333333 0.3315308375 0.2907775185185185
0 0.333333375 0.3861538203703704 0.3399352944444444 0.37308377962962963 0.33313945833333336 0.3787467888888889 0.31633497083333334 0.3734500814814815 0.256573925 0.3188023277777778 0.12439396944444445 0.22997705185185185 0.12492628055555556 0.25030990185185187 0.24317617083333332 0.3375353759259259 0.28253208055555556 0.35544963333333335 0.3263921027777778 0.3862615574074074 0.333333375 0.3861538203703704
0 0.33049517638888887 0.48993844814814813 0.33561188333333336 0.47318643703703706 0.3327384166666667 0.4695260185185185 0.32474824305555555 0.4826176055555556 0.30694333194444445 0.49215650740740746 0.26807221388888886 0.49275982777777777 0.2164159333333333 0.48244652407407407 0.1310382972222222 0.483771674074074 0.13154644444444447 0.5031814648148147 0.2212594013888889 0.5083064944444444 0.3057974736111111 0.5014368444444445 0.33049517638888887 0.48993844814814813
0 0.13623816111111112 0.6823919037037037 0.26132928055555554 0.6595904092592593 0.2873667597222222 0.6462187074074074 0.33992650555555554 0.6379928851851853 0.3480621152777778 0.6304565722222222 0.20000369861111114 0.6512796944444444 0.13584348055555556 0.66731615 0.13623816111111112 0.6823919037037037
0 0.3631566305555556 0.6765350444444443 0.36995246527777775 0.670872037037037 0.36162294027777775 0.6710013203703704 0.35563361388888887 0.6544216870370371 0.33892608333333335 0.6528284944444444 0.31303404166666665 0.6717554703703703 0.23726180416666665 0.6951616555555555 0.13773169166666668 0.739440512962963 0.13820211666666665 0.7574094277777778 0.2626866902777778 0.7114396277777777 0.3433332402777778 0.6620226425925926 0.3631566305555556 0.6765350444444443
0 0.3557305694444445 0.6581252018518519 0.3535358097222222 0.6803893907407408 0.27247058333333335 0.7668630814814815 0.17829847777777777 0.8831803666666667 0.14273536388888888 0.9305667851851851 0.14338327222222222 0.9553150314814816 0.14677409583333334 0.9522125388888888 0.1878399763888889 0.9293450296296296 0.24756575416666668 0.876547737037037 0.3192525513888889 0.8031871814814815 0.39600757777777773 0.7112228592592592 0.36872728194444443 0.7301713814814815 0.21310179305555554 0.8863452055555556 0.19673361527777777 0.8977143185185186 0.18754028472222223 0.8913732203703704 0.2716155972222222 0.7872539648148148 0.28549814027777776 0.7870384925925926 0.29046940972222224 0.7647312111111111 0.3707193111111111 0.6736388981481481 0.3557305694444445 0.6581252018518519