0 0.309375 0.8932584269662921 0.3125 0.8810861423220974 0.1125 0.9990636704119851 0.12875 0.9990636704119851 0.268125 0.9213483146067416 0.309375 0.8932584269662921
0 0.29625 0.8230337078651685 0.283125 0.8239700374531835 0.174375 0.8932584269662921 0.035 0.9990636704119851 0.04125 1 0.264375 0.8520599250936329 0.29625 0.8230337078651685
0 0.110625 0.3295880149812734 0.115 0.32303370786516855 0.110625 0.31273408239700373 0.103125 0.32397003745318353 0.05875 0.31741573033707865 0.061875 0.3052434456928839 0.1 0.25749063670411987 0.085625 0.25842696629213485 0.045625 0.3089887640449438 0.019375 0.31647940074906367 0.000625 0.31273408239700373 0.00125 0.3960674157303371 0.051875 0.33707865168539325 0.110625 0.3295880149812734
0 0.159375 0.7771535580524345 0.233125 0.7265917602996255 0.24875 0.7050561797752809 0.238125 0.702247191011236 0.218125 0.7247191011235955 0.128125 0.7752808988764045 0.000625 0.8764044943820225 0.00125 0.9073033707865169 0.138125 0.8052434456928839 0.159375 0.7771535580524345
0 0.078125 0.5112359550561798 0.100625 0.5374531835205992 0.120625 0.548689138576779 0.140625 0.5468164794007491 0.151875 0.5374531835205992 0.155 0.5121722846441947 0.14875 0.4934456928838951 0.130625 0.4700374531835206 0.109375 0.45692883895131087 0.086875 0.45692883895131087 0.07625 0.47097378277153557 0.07625 0.4934456928838951 0.071875 0.5 0.000625 0.5468164794007491 0.0025 0.5739700374531835 0.031875 0.5430711610486891 0.078125 0.5112359550561798
0 0.063125 0.7134831460674157 0.090625 0.700374531835206 0.151875 0.651685393258427 0.18875 0.600187265917603 0.173125 0.5973782771535581 0.148125 0.6086142322097379 0.058125 0.6928838951310862 0.000625 0.7284644194756554 0.0025 0.7799625468164794 0.039375 0.7490636704119851 0.063125 0.7134831460674157
0 0.6325 0.0009363295880149813 0.615625 0 0.604375 0.00749063670411985 0.50375 0.10018726591760299 0.51 0.10205992509363296 0.560625 0.06741573033707865 0.6325 0.0009363295880149813
0 0.615625 0.13670411985018727 0.70875 0.006554307116104869 0.703125 0.0056179775280898875 0.659375 0.06179775280898876 0.646875 0.05056179775280899 0.65375 0.07209737827715355 0.54875 0.199438202247191 0.55375 0.20318352059925093 0.574375 0.18726591760299627 0.615625 0.13670411985018727
0 0.999375 0.40823970037453183 0.929375 0.5168539325842697 0.923125 0.5224719101123596 0.9125 0.5177902621722846 0.9175 0.5271535580524345 0.91625 0.5383895131086143 0.8375 0.6601123595505618 0.8275 0.6844569288389513 0.83 0.6882022471910112 1 0.42602996254681647 0.999375 0.40823970037453183
0 0.998125 0.352059925093633 1 0.33614232209737827 0.831875 0.50187265917603 0.794375 0.5468164794007491 0.77625 0.5739700374531835 0.77375 0.5870786516853933 0.848125 0.50187265917603 0.998125 0.352059925093633
0 0.716875 0.1947565543071161 0.92 0.0009363295880149813 0.879375 0.003745318352059925 0.706875 0.16666666666666666 0.671875 0.20973782771535582 0.633125 0.23782771535580524 0.615 0.2762172284644195 0.61125 0.300561797752809 0.61625 0.30430711610486894 0.634375 0.25280898876404495 0.716875 0.1947565543071161
0 0.738125 0.4044943820224719 0.844375 0.31086142322097376 0.999375 0.15355805243445692 1 0.12453183520599251 0.879375 0.23595505617977527 0.730625 0.3951310861423221 0.708125 0.37453183520599254 0.685625 0.3651685393258427 0.670625 0.36704119850187267 0.65875 0.37734082397003743 0.6575 0.40168539325842695 0.670625 0.4250936329588015 0.695625 0.4419475655430712 0.71375 0.4410112359550562 0.723125 0.4363295880149813 0.738125 0.4044943820224719