0 0.999375 0.9927797833935018 0.9875 0.990072202166065 1 0.9810469314079422 0.956875 0.9765342960288809 0.949375 0.9855595667870036 0.938125 0.9783393501805054 0.863125 0.9765342960288809 0.67625 0.9864620938628159 0.678125 0.9927797833935018 0.698125 0.9981949458483754 0.95875 0.9990974729241877 0.999375 0.9981949458483754 0.999375 0.9927797833935018
0 1 0.8709386281588448 0.990625 0.8664259927797834 0.670625 0.8700361010830325 0.618125 0.871841155234657 0.61375 0.878158844765343 0.615625 0.8880866425992779 0.628125 0.8916967509025271 1 0.8962093862815884 1 0.8709386281588448
0 0.973125 0.7563176895306859 0.666875 0.7617328519855595 0.619375 0.7635379061371841 0.61375 0.76985559566787 0.619375 0.7833935018050542 1 0.7861010830324909 0.999375 0.7581227436823105 0.973125 0.7563176895306859
0 0.659375 0.6552346570397112 0.61125 0.6615523465703971 0.611875 0.6750902527075813 0.628125 0.6787003610108303 1 0.6796028880866426 0.999375 0.6498194945848376 0.659375 0.6552346570397112
0 1 0.43772563176895307 0.619375 0.44765342960288806 0.6125 0.4575812274368231 0.616875 0.4693140794223827 0.68375 0.47021660649819497 0.999375 0.4675090252707581 1 0.43772563176895307
0 0.610625 0.5505415162454874 0.6025 0.5586642599277978 0.6025 0.5676895306859205 0.613125 0.5740072202166066 1 0.5731046931407943 0.999375 0.5415162454873647 0.610625 0.5505415162454874
0 0.4925 0.12003610108303249 0.456875 0.06859205776173286 0.436875 0.052346570397111915 0 0.04783393501805054 0.003125 0.0740072202166065 0.075625 0.06678700361010831 0.145625 0.07581227436823104 0.334375 0.07581227436823104 0.363125 0.06859205776173286 0.438125 0.06678700361010831 0.444375 0.08664259927797834 0.465 0.10198555956678701 0.4625 0.11101083032490974 0.471875 0.1263537906137184 0.4925 0.13989169675090252 0.4975 0.13628158844765342 0.4925 0.12003610108303249
0 1 0.1272563176895307 0.651875 0.13357400722021662 0.611875 0.13537906137184116 0.6075 0.14169675090252706 0.6075 0.15613718411552346 0.613125 0.1624548736462094 0.70125 0.16335740072202165 0.999375 0.1552346570397112 1 0.1272563176895307
0 1 0.02075812274368231 0.619375 0.032490974729241874 0.60875 0.04422382671480144 0.611875 0.061371841155234655 0.67 0.06407942238267147 0.999375 0.04693140794223827 1 0.02075812274368231
0 1 0.33303249097472926 0.659375 0.33574007220216606 0.616875 0.33935018050541516 0.61375 0.34747292418772563 0.618125 0.36462093862815886 0.67625 0.36913357400722024 0.994375 0.3628158844765343 1 0.3601083032490975 1 0.33303249097472926
0 1 0.22653429602888087 0.659375 0.2328519855595668 0.628125 0.23465703971119134 0.61875 0.2427797833935018 0.61875 0.25902527075812276 0.624375 0.26534296028880866 0.6775 0.26805054151624547 0.999375 0.2581227436823105 1 0.22653429602888087
0 0.46 0.30234657039711194 0.45375 0.2842960288808664 0.435625 0.259927797833935 0.420625 0.2545126353790614 0.328125 0.2490974729241877 0 0.2518050541516246 0.000625 0.2833935018050541 0.315625 0.27978339350180503 0.336875 0.27256317689530685 0.421875 0.27075812274368233 0.455625 0.3194945848375451 0.48 0.34205776173285196 0.4825 0.33303249097472926 0.46 0.30234657039711194
0 0.4575 0.14711191335740073 0.446875 0.12815884476534295 0.431875 0.11913357400722022 0.418125 0.1263537906137184 0.405625 0.148014440433213 0.390625 0.14981949458483754 0.289375 0.1444043321299639 0 0.14891696750902528 0.000625 0.18050541516245489 0.280625 0.17689530685920576 0.330625 0.16606498194945848 0.396875 0.16425992779783394 0.40625 0.17057761732851986 0.420625 0.20397111913357402 0.45625 0.20487364620938628 0.4625 0.1796028880866426 0.4575 0.14711191335740073
0 0.51875 0.6326714801444043 0.495 0.5947653429602888 0.474375 0.5667870036101083 0.458125 0.5613718411552346 0.313125 0.5541516245487365 0 0.5622743682310469 0.000625 0.5938628158844765 0.336875 0.5884476534296029 0.391875 0.5776173285198556 0.454375 0.5776173285198556 0.489375 0.6263537906137184 0.515 0.6453068592057761 0.52 0.6416967509025271 0.51875 0.6326714801444043
0 0.471875 0.9783393501805054 0.49625 0.9449458483754513 0.49875 0.9232851985559567 0.48375 0.9124548736462094 0.49 0.8673285198555957 0.479375 0.8393501805054152 0.471875 0.8339350180505415 0.451875 0.8393501805054152 0.44 0.8564981949458483 0.43625 0.8799638989169675 0.428125 0.8898916967509025 0.321875 0.8826714801444043 0 0.8853790613718412 0.000625 0.9151624548736462 0.320625 0.9133574007220217 0.363125 0.9061371841155235 0.434375 0.9061371841155235 0.45375 0.9359205776173285 0.43875 0.9575812274368231 0.429375 0.9891696750902527 0.413125 0.9909747292418772 0.298125 0.98014440433213 0 0.9846570397111913 0.000625 0.9981949458483754 0.38 0.9990974729241877 0.451875 0.9945848375451264 0.471875 0.9783393501805054
0 0.409375 0.4747292418772563 0.456875 0.47833935018050544 0.471875 0.4693140794223827 0.48375 0.45216606498194944 0.495 0.41064981949458484 0.486875 0.3898916967509025 0.468125 0.3844765342960289 0.455 0.34386281588447654 0.439375 0.33212996389891697 0.424375 0.33393501805054154 0.404375 0.3628158844765343 0.389375 0.36462093862815886 0.338125 0.36462093862815886 0.310625 0.3574007220216607 0 0.3546931407942238 0.000625 0.3844765342960289 0.303125 0.388086642599278 0.395625 0.38086642599277976 0.404375 0.38267148014440433 0.40875 0.40342960288808666 0.42125 0.4250902527075812 0.43875 0.44133574007220217 0.435625 0.4566787003610108 0.388125 0.4602888086642599 0.335625 0.4548736462093863 0 0.4575812274368231 0.000625 0.48736462093862815 0.10125 0.48646209386281586 0.329375 0.4855595667870036 0.409375 0.4747292418772563
0 0.466875 0.7851985559566786 0.495625 0.7725631768953068 0.511875 0.7563176895306859 0.52875 0.7265342960288809 0.53 0.7048736462093863 0.518125 0.6949458483754513 0.503125 0.6949458483754513 0.485625 0.6570397111913358 0.471875 0.6516245487364621 0.459375 0.6570397111913358 0.446875 0.6787003610108303 0.435625 0.6805054151624549 0.361875 0.6787003610108303 0.331875 0.6696750902527075 0.000625 0.6678700361010831 0.000625 0.7003610108303249 0.326875 0.703971119133574 0.360625 0.6967509025270758 0.440625 0.6967509025270758 0.44875 0.7012635379061372 0.45375 0.73014440433213 0.46375 0.75 0.4625 0.766245487364621 0.454375 0.7707581227436823 0.313125 0.7653429602888087 0 0.7752707581227437 0.000625 0.8050541516245487 0.02125 0.8041516245487365 0.331875 0.7978339350180506 0.466875 0.7851985559566786