0 0.532360672972973 0.9202562611336031 0.5931110175675676 0.9417845344129554 0.6069367270270271 0.939304362348178 0.3717660837837838 0.8231056133603238 0.3653684581081081 0.8281956659919029 0.532360672972973 0.9202562611336031
0 0.5292438986486486 1 0.4649548567567568 0.9653656275303644 0.43972403648648645 0.9632882368421053 0.34505357297297296 0.9210365668016195 0.49382634459459457 1 0.5292438986486486 1
0 0.7496995918918918 0.15606494129554654 0.5297031945945946 0.05084867004048583 0.4955440608108108 0.04756957692307692 0.6878328391891892 0.1473525971659919 0.7350526932432432 0.16431033603238868 0.7496995918918918 0.15606494129554654
0 0.3829301581081081 0.6949463238866397 0.4025845445945946 0.6963485445344129 0.5939863905405406 0.7962517550607288 0.6290014283783784 0.8092881882591093 0.6494770040540541 0.8049251862348178 0.6576188432432433 0.8274146740890688 0.6618910891891892 0.8223116497975708 0.6614295770270271 0.8056392692307692 0.6561483594594595 0.7979133947368421 0.627718727027027 0.7983810283400811 0.44481839864864864 0.6985297024291498 0.4039531945945946 0.6867398400809717 0.38932778378378374 0.6898562712550607 0.3668772391891892 0.65830354048583 0.36235275 0.6601993380566801 0.3829301581081081 0.6949463238866397
0 0.6107857581081081 0.7181355526315789 0.6741874554054054 0.7409622793522267 0.6784597013513514 0.7358592570850203 0.4401332189189189 0.6119476012145749 0.3796566040540541 0.5884975850202429 0.3732589797297297 0.5935876376518219 0.43181948513513513 0.6304898380566801 0.6107857581081081 0.7181355526315789
0 0.7338821040540541 0.31689382388663967 0.7299265635135136 0.30981717611336035 0.714206231081081 0.32062056882591095 0.6538155648648648 0.2766546902834008 0.4546904189189189 0.1811923056680162 0.44324233243243244 0.18689267408906882 0.4426733837837838 0.19586512145748985 0.4623277702702703 0.19726734210526317 0.5153118405405406 0.23349437449392713 0.697476927027027 0.31859506072874494 0.7112381743243242 0.3315017854251012 0.7338821040540541 0.31689382388663967
0 0.6127924945945946 0.8733029777327935 0.6234408783783784 0.8682388684210527 0.6430308013513513 0.8850279858299595 0.6422740729729729 0.8754063097165992 0.6324898554054054 0.8644472672064777 0.5995787081081081 0.8565527732793522 0.5688574013513513 0.8332843481781377 0.45114595945945946 0.7735813603238867 0.3970239945945946 0.7552992246963562 0.36310387567567565 0.7345758259109312 0.3620089554054054 0.7422627894736842 0.4489131432432432 0.7992132165991903 0.5801550783783783 0.8634867408906883 0.6127924945945946 0.8733029777327935
0 0.4069754324324324 0.5360910647773279 0.5986510081081081 0.6340725344129554 0.6634213567567567 0.6472905587044534 0.6835372527027027 0.6653651619433198 0.685431877027027 0.6570419412955465 0.6700927121621622 0.6402787651821862 0.6451356202702703 0.6362796356275303 0.4643391837837838 0.5415702449392713 0.41154289594594595 0.5239373360323887 0.3942661324324324 0.5257553076923077 0.37570666621621623 0.5166661234817814 0.36619617837837837 0.5037853421052632 0.3648275283783784 0.513394044534413 0.37538996216216214 0.5288457955465586 0.4069754324324324 0.5360910647773279
0 0.6723591472972973 0.22611802631578948 0.7039446175675677 0.2333632955465587 0.7245650013513513 0.25785235020242914 0.7386429513513513 0.2585794028340081 0.743188927027027 0.25155463765182184 0.7219566216216216 0.24629596153846153 0.7079646202702703 0.22505304655870445 0.6796209364864865 0.20500482186234817 0.5337965648648648 0.1335897955465587 0.4605676743243243 0.11006195546558704 0.45124496756756755 0.11577529352226722 0.5032200648648649 0.13917342510121458 0.5246616391891892 0.15789725708502023 0.6723591472972973 0.22611802631578948
0 0.4739197378378378 0.47430931578947366 0.6340528162162162 0.554787585020243 0.7141623297297298 0.5847687874493928 0.5816591810810811 0.5044591417004048 0.3883842 0.40775018421052633 0.3862373337837838 0.4128661801619433 0.40210247297297297 0.43091484008097164 0.4739197378378378 0.47430931578947366
0 0.46424855810810806 0.37295063157894737 0.4936441891891892 0.39556982793522266 0.6691808945945946 0.4774243765182186 0.6797433297297297 0.49287612753036436 0.7181879364864865 0.5117037246963563 0.7237858581081081 0.5072499291497976 0.7233458337837838 0.48544858097165994 0.7079851810810811 0.47381437044534414 0.6854486878378379 0.4627775020242915 0.6708232756756757 0.46589393117408906 0.6294965608108108 0.4374316882591093 0.41578897702702705 0.3348278016194332 0.4091176216216217 0.3418395951417004 0.4122734608108108 0.3495525020242915 0.46424855810810806 0.37295063157894737
0 0.6473908486486487 0.3516285222672065 0.4941598810810811 0.2724746518218623 0.41960531486486485 0.24829758299595142 0.42408682837837836 0.2566597165991903 0.5284985364864865 0.32012835829959513 0.6501870081081081 0.38177903036437244 0.7313484689189189 0.41433120040485827 0.7276666567567568 0.4053328117408907 0.6698843689189189 0.37292332186234817 0.6473908486486487 0.3516285222672065
0 0.5228072108108108 0.9176334089068826 0.5233761581081081 0.9086609615384615 0.5148531540540541 0.913738044534413 0.5228072108108108 0.9176334089068826
0 0.3895258459459459 0.8328310546558705 0.36778905405405404 0.8211579291497976 0.36404278108108107 0.8275464372469635 0.37039743243243245 0.8327143157894736 0.3767950567567568 0.8276242631578947 0.38525360000000003 0.837934076923077 0.3895258459459459 0.8328310546558705
0 0.6155821608108109 1 0.6143003486486487 0.9573011417004049 0.6077364297297297 0.9386681072874494 0.5965835608108108 0.9373177672064777 0.6082194283783784 0.9502115222672065 0.6135090702702702 1 0.6155821608108109 1