0 0.7555429346504559 0.8132605546558704 0.7695233145896656 0.8229379676113361 0.7734762659574468 0.805259467611336 0.7544928601823708 0.7835753663967612 0.731800867781155 0.7612862246963563 0.7257608449848024 0.7745460384615385 0.7454142234042553 0.7897957348178137 0.7555429346504559 0.8132605546558704
0 0.7860264680851065 0.7491321032388664 0.7424684133738602 0.686073443319838 0.7416599559270517 0.6690602327935223 0.7322560972644377 0.6836113421052632 0.7685986474164134 0.7617487024291498 0.7801306899696049 0.7754993663967611 0.7860264680851065 0.7491321032388664
0 0.7523739012158055 0.5455060303643725 0.7698807294832827 0.5497267753036437 0.7925727188449847 0.5720159170040486 0.8243957705167173 0.5775358380566802 0.8303119589665654 0.5510772955465587 0.7963453844984802 0.5413911639676113 0.7426076170212765 0.5410491740890688 0.734095820668693 0.5516107773279352 0.7523739012158055 0.5455060303643725
0 0.8366462021276595 0.3955380789473684 0.8220199756838905 0.36468208299595145 0.8103487568389057 0.3618682550607288 0.7899009255319149 0.3811147611336032 0.7809198966565349 0.41784182995951413 0.7828620349544072 0.443537512145749 0.7995976079027356 0.45808375101214577 0.8134385775075987 0.44775582186234814 0.8325111124620062 0.4071548684210526 0.863030565349544 0.40475222469635624 0.865212037993921 0.3949961862348178 0.8366462021276595 0.3955380789473684
0 0.6151911018237082 0.8908441659919029 0.6206178829787233 0.9215845404858299 0.6414049407294833 0.9455167085020243 0.6495917933130699 0.9667297813765182 0.6620747310030395 0.9661491518218623 0.6479513981762918 0.9334301356275304 0.6670843373860182 0.8959971720647774 0.6737748069908814 0.8660758765182186 0.6682876200607902 0.832167508097166 0.6550366899696048 0.8226659635627531 0.6387239483282674 0.8302956801619433 0.6213751337386019 0.8597496295546558 0.6151911018237082 0.8908441659919029
0 0.8267354939209726 0.07885672672064777 0.8431888328267477 0.04813574291497976 0.8219805805471124 0.04302261538461538 0.8080949878419452 0.06595351012145749 0.7508773844984802 0.18775637449392713 0.7657312234042553 0.17977492712550608 0.8267354939209726 0.07885672672064777
0 0.717499037993921 0.061981048582995954 0.7166209787234042 0.11747997165991902 0.7249887674772036 0.12475309311740891 0.7325480957446808 0.115013 0.7428068130699088 0.06913367813765182 0.7445548829787234 0.024355945344129555 0.7293944574468085 0.020700896761133604 0.7288310319148936 0.0216162024291498 0.717499037993921 0.061981048582995954
0 0.5268253085106382 0.8768979392712551 0.5329257340425533 0.8668061194331984 0.5237866945288754 0.8698584939271256 0.5206040714285715 0.8806537712550607 0.5278289817629179 0.954924548582996 0.5259611458966565 0.9724803238866396 0.5407796200607903 0.9717910587044534 0.5268253085106382 0.8768979392712551
0 0.13257286170212768 0.4843733967611336 0.08781472948328267 0.47481566599190284 0.07878470364741642 0.5152000020242915 0.12365224012158055 0.5242684595141701 0.1452941565349544 0.5168724149797571 0.26113747416413374 0.5248295141700405 0.17265087234042553 0.5045472975708502 0.13257286170212768 0.4843733967611336
0 0.8537717948328267 0.2020518947368421 0.9145822522796353 0.17420132995951418 0.9185720668693009 0.15635796761133602 0.859691009118541 0.1824560931174089 0.7683378085106383 0.24031854453441295 0.7609596930091186 0.2595626153846154 0.7745358434650456 0.2607334230769231 0.8537717948328267 0.2020518947368421
0 0.8615495410334346 0.22915449190283402 0.8472021367781156 0.2383091801619433 0.8379422872340426 0.23502556680161946 0.8239573085106383 0.2631882206477733 0.7668093039513678 0.31247894939271254 0.7641331170212766 0.324447467611336 0.7695831003039514 0.33101712955465584 0.9033168419452887 0.22458281578947367 0.9120302765957446 0.18561434615384617 0.9096793130699088 0.18925212550607287 0.8615495410334346 0.22915449190283402
0 0.13720667781155016 0.2539236133603239 0.15112015349544072 0.26390023886639674 0.19253625683890577 0.2780898785425101 0.2659646048632219 0.3210202712550607 0.3202692112462006 0.325703495951417 0.33532746504559274 0.3030553178137652 0.33279528723404256 0.2971891133603239 0.31812266109422493 0.31467454453441296 0.2597665699088146 0.3006053927125506 0.2022653373860182 0.255208028340081 0.18686785714285714 0.234677528340081 0.14727940425531916 0.20887608299595142 0.13720667781155016 0.2539236133603239
0 0.049357407294832824 0.6468055829959514 0.03979022036474164 0.6895922186234817 0.09044151823708207 0.6865469190283401 0.18106066717325228 0.6663486700404858 0.2261286261398176 0.6435775668016195 0.23634094072948328 0.6460396700404858 0.24292460334346505 0.6612918016194332 0.2449271458966565 0.690155475708502 0.254595820668693 0.6641056315789473 0.2497962841945289 0.640874487854251 0.2296968753799392 0.6276195425101215 0.1768883753799392 0.6506267530364374 0.11573528875379939 0.6421901336032388 0.049357407294832824 0.6468055829959514
0 0.2991400395136778 0 0.3051501398176292 0.015124459514170041 0.372938094224924 0.11766133400809717 0.37943815045592705 0.1539161842105263 0.3858406003039514 0.15966433400809715 0.39143459118541035 0.14839927327935223 0.3875875197568389 0.12434661538461539 0.34439649088145896 0.04245585829959514 0.3308477705167173 0 0.2991400395136778 0
0 0.20975108510638296 0.850908967611336 0.14186280699088144 0.9175820384615385 0.1582143829787234 0.9215242631578947 0.20097447112462005 0.8729693056680162 0.2365549650455927 0.885752032388664 0.2539409832826748 0.8836367894736842 0.30320443617021275 0.8524168927125506 0.31852750759878423 0.818269979757085 0.31238987689969605 0.8010230951417003 0.2924112765957447 0.7941041396761134 0.26829758662613984 0.7988019716599191 0.2262078373860182 0.8254445263157895 0.20975108510638296 0.850908967611336
0 0.720696490881459 0.7628136275303643 0.7343330455927052 0.7671524291497975 0.7158969528875381 0.7395824858299596 0.7185127355623101 0.724445971659919 0.7086628465045594 0.7409918340080971 0.720696490881459 0.7628136275303643