0 0.2090250472440945 0.8205151188811189 0.2250538280839895 0.7954822202797203 0.24722519816272967 0.7789034825174824 0.25404446719160106 0.7613783356643357 0.2770682467191601 0.7426089545454545 0.28053354199475067 0.7283166066433566 0.30707827690288714 0.6897251031468532 0.284906905511811 0.7063038391608392 0.18832710104986874 0.8144536783216784 0.1729090708661417 0.8334016346153846 0.17551684120734906 0.8443306713286713 0.2090250472440945 0.8205151188811189
0 0.7439719107611549 0.5123034807692308 0.7542930524934383 0.5180990891608392 0.8747637598425196 0.4783781013986014 0.8698840000000001 0.4579272604895105 0.74820612335958 0.504115152097902 0.7439719107611549 0.5123034807692308
0 0.18338888451443572 0.8773220192307692 0.1869158937007874 0.8921035454545455 0.23234462992125984 0.8548528444055944 0.23785745538057743 0.8433785506993007 0.2734447217847769 0.8138686188811188 0.2819131456692913 0.7974919615384615 0.3019813254593176 0.7836249440559441 0.3066974028871391 0.7688115192307693 0.3319356942257218 0.7362708671328672 0.3290914160104987 0.7301136818181818 0.24893876509186352 0.8149001870629371 0.23773738320209975 0.8140601101398601 0.2330213070866142 0.8288735367132867 0.18338888451443572 0.8773220192307692
0 0.7654037755905512 0.362956979020979 0.7241836128608924 0.37462276223776225 0.7093412047244095 0.36428636888111887 0.7063577755905512 0.37195362062937065 0.7169659711286089 0.3904783444055944 0.7522749330708662 0.3886172867132867 0.7786526876640419 0.3666151083916084 0.8404201286089239 0.33444561713286713 0.834924284776903 0.31141280944055943 0.8148053083989502 0.32218541783216786 0.7654037755905512 0.362956979020979
0 0.2648124750656168 0.5990368828671329 0.2985279409448819 0.5904975646853147 0.29278372440944883 0.5837129667832168 0.2478112152230971 0.596941986013986 0.21000068766404198 0.5998451958041958 0.12429238188976378 0.629651472027972 0.1287481443569554 0.6483253548951049 0.16639903280839896 0.6418715786713287 0.22348099212598427 0.6217622185314685 0.2648124750656168 0.5990368828671329
0 0.8581255 0.5556056311188812 0.8085482349081364 0.5725885262237763 0.7695982467191601 0.5649532657342657 0.7566363871391075 0.5740242482517482 0.7509844107611549 0.5993229825174825 0.7579515800524935 0.608351388111888 0.759767717847769 0.5929105506993007 0.7744343950131234 0.5794582797202797 0.8096320354330708 0.5886567727272728 0.8982278635170603 0.5767150052447553 0.892181843832021 0.5513764353146853 0.8581255 0.5556056311188812
0 0.676906778215223 0.9055131538461538 0.6887013464566929 0.8886685839160838 0.6858570682414697 0.8825113968531468 0.6737476167979002 0.8893917395104896 0.6708285984251969 0.931907208041958 0.6779897322834646 0.9665522115384616 0.689231160104987 0.9618690192307692 0.6779349186351706 0.9271111748251748 0.676906778215223 0.9055131538461538
0 0.7028296509186351 0.2274988951048951 0.6770816627296589 0.26942952797202796 0.665027874015748 0.27078009615384613 0.6661951640419947 0.2785536800699301 0.6811210643044618 0.28059541258741255 0.6891911141732283 0.26254918706293706 0.7409184803149607 0.1969468076923077 0.7869525695538058 0.1103657027972028 0.7810268674540682 0.08553136888111888 0.7240842034120735 0.17826258391608393 0.7028296509186351 0.2274988951048951
0 0.22488125721784777 0.5238958356643356 0.24364299475065615 0.5160796695804195 0.2545851535433071 0.5014257447552447 0.25557671391076114 0.4854106625874126 0.24593224803149608 0.45363574650349653 0.22446538320209972 0.44147028846153846 0.20945599343832022 0.4477232167832168 0.1896748661417323 0.47431934965034966 0.1291188622047244 0.4683430664335664 0.1124324842519685 0.4762123968531468 0.19041595275590553 0.48318825699300705 0.20796348818897636 0.5135062744755245 0.22488125721784777 0.5238958356643356
0 0.3943626509186352 0.061404246503496504 0.415013687664042 0.1133734527972028 0.42127634908136485 0.15114605594405595 0.429012437007874 0.16627848251748253 0.4373417099737533 0.1637262604895105 0.4283826706036745 0.14635002622377621 0.4082882401574803 0.039083069930069936 0.40571142913385827 0.030061164335664334 0.38823061417322835 0.03734369405594406 0.3943626509186352 0.061404246503496504
0 0.5118902545931758 0.019841954545454545 0.5138167545931759 0.03183033391608392 0.5413045590551181 0.14703037587412587 0.5434999895013124 0.17640198251748251 0.5482995590551181 0.15329389335664334 0.5373120695538058 0.08995672727272727 0.5333752401574803 0.027353302447552446 0.5320874317585302 0.020624839160839164 0.5118902545931758 0.019841954545454545
0 0.35659274015748027 1 0.3659628845144357 0.9854934947552447 0.3837990524934383 0.9046417674825176 0.4069063228346457 0.8775777237762238 0.41048293832021 0.8522258269230769 0.40288600262467195 0.8232689632867133 0.38767305118110235 0.8084981171328671 0.362314687664042 0.8117203269230769 0.35137252887139103 0.8263742534965035 0.3466007900262467 0.8467174545454546 0.3504732099737533 0.8744726625874125 0.3704944790026247 0.9065134125874126 0.3552711968503937 0.9752634353146853 0.35540897769028873 1 0.35659274015748027 1
0 0.23848637401574804 0.20343471678321678 0.28984161679790027 0.257296743006993 0.3085564435695538 0.2953883444055944 0.3226299343832021 0.29962072027972025 0.33183944619422573 0.2921129685314685 0.31111366929133855 0.28881641433566435 0.27004298950131234 0.20313689335664337 0.20238640813648295 0.11476662587412588 0.18408329133858267 0.12239172727272726 0.23848637401574804 0.20343471678321678
0 0.7616172742782151 0.8628805384615386 0.7130784803149607 0.8179405856643356 0.7182851719160105 0.8368800524475524 0.7462651706036745 0.8619341276223776 0.7843715026246719 0.9121380227272726 0.7916928858267717 0.919183333916084 0.8179515787401574 0.9082439300699301 0.794202030183727 0.884180736013986 0.7616172742782151 0.8628805384615386
0 0.6500491797900262 0.025197286713286714 0.6293480196850394 0.02439486713286713 0.6241901653543307 0.07946060664335665 0.6313783976377952 0.19026877272727272 0.617906842519685 0.20872974125874125 0.6219740734908137 0.21713073776223776 0.6389387519685039 0.18161253146853146 0.635974404199475 0.1461369055944056 0.649539779527559 0.03586040384615385 0.6500491797900262 0.025197286713286714
0 0.27749572572178477 0.08347598951048951 0.3545865026246719 0.17709360314685313 0.3602750603674541 0.1894079737762238 0.36068218372703414 0.23145553146853146 0.3708920065616798 0.2483106888111888 0.3826309133858268 0.23699589335664337 0.38805149737532807 0.193438270979021 0.3832431797900262 0.17616836888111886 0.3560042677165355 0.1599831993006993 0.2950902375328084 0.07614609265734266 0.27749572572178477 0.08347598951048951
0 0.49150174671916014 1 0.4987215603674541 0.954047937062937 0.502456408136483 0.8717287237762238 0.5142978858267717 0.8089763881118881 0.5086093293963255 0.7966620174825175 0.5023275866141732 0.8020322919580419 0.5051162047244094 0.8137192517482518 0.4816002283464567 0.9226345979020979 0.4710190761154856 1 0.49150174671916014 1
0 0.7825394448818899 0.7229240192307692 0.9220688963254593 0.8437599388111888 0.941324780839895 0.8568464947552448 0.9629228897637796 0.8478486958041958 0.9615783779527559 0.8422139108391609 0.7859769094488189 0.7113965576923077 0.7792045511811023 0.6830139388111888 0.7680866601049868 0.6738791993006994 0.7319252900262467 0.6779308986013987 0.7150719317585302 0.7023895524475524 0.7173508530183728 0.7234665 0.7325638057742782 0.7382373461538462 0.7516682559055118 0.7376205227272727 0.7825394448818899 0.7229240192307692
0 0.5806225708661417 1 0.6129793005249344 0.822013687062937 0.6007585288713911 0.8399535786713287 0.5683666706036745 1 0.5806225708661417 1
0 0.6101143622047245 0.9828982395104896 0.6041865590551181 0.9972987080419581 0.6206264028871391 0.990449847902098 0.6510490511811023 0.834604479020979 0.6486031456692913 0.8301168601398601 0.6405609265091863 0.8453981975524475 0.6101143622047245 0.9828982395104896
0 0.12828711417322833 0.303491972027972 0.09809260236220471 0.2922091678321678 0.08293531102362205 0.27190854545454546 0.09126458398950131 0.26935632517482516 0.13345722440944882 0.2848183374125874 0.1362180118110236 0.2992701853146853 0.1412211430446194 0.2971858741258741 0.14199006036745407 0.30328989335664336 0.15040282414698164 0.2924430104895105 0.15987155905511813 0.3004292604895105 0.15808325065616796 0.31310521153846155 0.17349101443569553 0.3085218444055944 0.17604824015748033 0.3019499143356643 0.18966769553805773 0.3100424982517483 0.19328089238845148 0.32230370279720283 0.20539034383202098 0.31542336188811193 0.22102949868766403 0.3290988881118881 0.2343340721784777 0.32722724475524473 0.27686942650918633 0.34988859615384615 0.32582567585301836 0.353355236013986 0.30108832939632546 0.3361279143356643 0.27043978346456693 0.3287053199300699 0.1766135958005249 0.2870301555944056 0.03345899343832021 0.24897318356643358 0.03919211417322835 0.27300041608391606 0.040974062992125984 0.2747054230769231 0.12675802887139107 0.3316619248251748 0.2833634803149606 0.4059200909090909 0.31034317191601046 0.4066112552447552 0.21003167979002624 0.34928258916083915 0.20772492650918636 0.3309705332167832 0.19601385039370078 0.3395204388111888 0.17821584251968506 0.3340864090909091 0.15384903805774278 0.32129353846153846 0.14978180708661418 0.3128925437062937 0.1406279566929134 0.314870520979021 0.12828711417322833 0.303491972027972