0 0 0.5425128520408163 0.04228008163265306 0.5338081913265307 0.1604699574829932 0.5025751760204081 0.17230715986394557 0.5075612933673469 0.1771421156462585 0.5019340803571428 0.16599562244897959 0.4961440765306122 0.028077076530612245 0.5190668966836735 0 0.5252493724489796 0 0.5425128520408163
0 0.18755081462585033 0.7603191760204082 0.2622404081632653 0.7030989706632653 0.3290385357142857 0.6425546875 0.3413699778911565 0.6422748380102041 0.3405820578231292 0.6353739630102041 0.3275599081632653 0.6364577015306123 0.28039733503401365 0.675712530612245 0.23836749149659867 0.6996121007653062 0.16150651530612245 0.762486650510204 0.03759306462585034 0.8541141364795919 0.04091753911564626 0.8678223048469388 0.18755081462585033 0.7603191760204082
0 0.06573140306122449 0.6816351122448979 0.003378027210884354 0.7130314336734694 0.0049611428571428575 0.7195592729591836 0.08171285204081633 0.6817979043367346 0.23088943027210881 0.5957377448979592 0.276867056122449 0.5625527704081633 0.2658177738095238 0.5644675280612246 0.06573140306122449 0.6816351122448979
0 0 0.6961568928571429 0.018969954081632653 0.6860243265306123 0.03169842517006803 0.6727737474489796 0.09010674829931972 0.6360662410714285 0.10855530612244899 0.6317940854591837 0.11013523809523809 0.6237009464285714 0.23425190306122448 0.5511712155612245 0.25270250850340137 0.5359516160714285 0.18265344897959182 0.5721350854591837 0.040481163265306125 0.6578611301020408 0 0.6865176211734694 0 0.6961568928571429
0 0.3211306904761905 0.7268101581632653 0.29853583673469386 0.7468530816326531 0.30020888435374155 0.7683595918367346 0.31608902891156465 0.7827125089285715 0.2908203656462585 0.8574655191326531 0.29989678231292516 0.8547197423469388 0.3260526207482993 0.783624924744898 0.35791831122448975 0.7762457461734694 0.37745460714285717 0.7581989744897959 0.37519010884353743 0.7342536709183675 0.35358782993197274 0.7218697742346939 0.3211306904761905 0.7268101581632653
0 0.4819275323129251 0.7507484732142857 0.4715730493197278 0.7299644553571429 0.43596218877551024 0.7182487857142856 0.4164279404761905 0.7253481135204082 0.410803018707483 0.7350218954081632 0.4178032159863946 0.7565826696428571 0.4463105289115646 0.7718751352040817 0.4251199404761905 0.8572746874999999 0.4399157602040816 0.8538484017857143 0.4563733775510204 0.7695448673469387 0.4749211921768708 0.7620300293367347 0.4819275323129251 0.7507484732142857
0 0.5463537142857143 0.7132913418367347 0.5674576581632653 0.7528360918367346 0.577710831632653 0.7878102359693878 0.5952093486394557 0.8178868698979591 0.6202643843537415 0.8120848431122449 0.599120738095238 0.7738371658163266 0.5546401649659864 0.7145921339285715 0.5489221258503402 0.694666269132653 0.5430014778911565 0.7031206543367347 0.5463537142857143 0.7132913418367347
0 0.6785460323129252 0.7142324298469387 0.6956111258503401 0.7225154936224489 0.7115925765306123 0.7226782844387756 0.728363993197279 0.7187945076530612 0.7332961581632653 0.7208720548469387 0.7790609387755102 0.770804549744898 0.783030974489796 0.7743927793367347 0.7939922925170068 0.7718544540816326 0.7905052040816327 0.7668665089285714 0.7377361326530611 0.7172681275510204 0.7368489557823129 0.7136099362244898 0.7465188707482994 0.7023555102040816 0.7494802176870748 0.6926545956632653 0.7465229659863946 0.6804606237244898 0.7394214625850339 0.6730899757653062 0.717324943877551 0.6659720459183673 0.688813537414966 0.6725744681122449 0.6796378639455782 0.6785629260204081 0.672335799319728 0.6886250880102041 0.6704601445578231 0.6954988290816326 0.6744038299319728 0.7081083112244898 0.6785460323129252 0.7142324298469387
0 0.8626468588435374 0.6187969400510204 0.8564325323129252 0.6150844846938776 0.7720934965986395 0.5740846785714285 0.7672605867346939 0.5687644477040816 0.7406268843537415 0.5575456849489796 0.7372726020408163 0.5583224400510204 0.7378640527210885 0.5607612359693878 0.7729806717687074 0.5777428711734693 0.7902422346938776 0.5904880140306122 0.8381824914965987 0.6128712755102041 0.8430153996598639 0.618191506377551 0.8631390527210884 0.6244784170918367 0.8626468588435374 0.6187969400510204
0 0.8406414081632653 0.6522261020408163 0.8447877040816326 0.6364553341836734 0.8311720578231293 0.6460477206632653 0.825549181972789 0.6447740599489796 0.7043171258503401 0.5904236785714285 0.7041186105442178 0.5969090420918368 0.8833517244897958 0.682259862244898 0.9463405119047619 0.7066910663265306 0.9469470833333333 0.6980104987244898 0.8406414081632653 0.6522261020408163
0 0.9583346071428572 0.5350453290816326 0.8992625782312925 0.5324011262755102 0.8020896717687075 0.5407369119897959 0.788378862244898 0.5316770931122449 0.7872952176870749 0.5235568214285714 0.7823610034013606 0.5324267168367347 0.7942954149659864 0.5451175969387755 0.8340525714285715 0.5410624961734694 0.9199756343537416 0.552074275510204 0.9570729319727891 0.5531009795918367 0.9583346071428572 0.5350453290816326
0 0.8531089574829932 0.45164958545918366 0.9632544217687075 0.4646385765306122 0.9643421530612245 0.44907221301020406 0.9478147585034014 0.4477487474489796 0.8549846139455782 0.44477584438775514 0.8496595119047619 0.4337741364795918 0.8365401530612244 0.42715311224489794 0.8025030799319728 0.4401866352040816 0.7910567670068027 0.4550721211734694 0.7905604795918367 0.47128553061224493 0.7990433979591837 0.4770484043367347 0.8127562551020409 0.4751607780612245 0.8531089574829932 0.45164958545918366
0 0.8201698605442177 0.3961712755102041 0.8322055782312925 0.3946720267857143 0.8609154982993198 0.3815842410714285 0.9592944336734693 0.35996159693877555 0.9557961904761905 0.34553690433673473 0.9049182108843538 0.3585156900510204 0.831022675170068 0.3897944387755102 0.8057683418367347 0.3879153431122449 0.8201698605442177 0.3961712755102041
0 0.7261690986394558 0.3226361198979592 0.7687903928571428 0.30117534438775506 0.8629088384353741 0.27294082525510205 0.9319143605442177 0.24706227423469387 0.9284504965986395 0.23277933801020406 0.8331173197278912 0.2669608966836735 0.7483689710884354 0.30461648086734694 0.7249861989795918 0.3177585318877551 0.7261690986394558 0.3226361198979592
0 0.6778440952380953 0.24753892602040817 0.6485427227891156 0.25818791709183675 0.6360086734693877 0.28684801913265306 0.6431122227891156 0.2832712219387755 0.6497256258503401 0.26306550637755105 0.6712327397959184 0.25679719770408166 0.7352639404761905 0.22136335204081634 0.8984503605442177 0.10907641326530612 0.8948881037414966 0.09438776785714287 0.7780878452380953 0.17152232397959183 0.6778440952380953 0.24753892602040817
0 0.5568934353741497 0.27104004591836733 0.563407581632653 0.254077012755102 0.6094926513605442 0.17385958035714286 0.661602768707483 0.04523934693877551 0.6415767840136054 0.04987678954081633 0.6052593826530612 0.12718836989795917 0.5533447312925169 0.2564072793367347 0.5509727874149659 0.279494431122449 0.5632049710884354 0.282457262755102 0.5568934353741497 0.27104004591836733
0 0.44284780782312927 0.29744973469387753 0.46238000850340133 0.3012978520408163 0.46583354931972787 0.29727841326530613 0.4506420646258503 0.29306905229591834 0.43584761054421767 0.27588896173469385 0.42628719047619046 0.22916348852040816 0.4296455680272109 0.20649184438775509 0.4056038588435374 0.10452133673469388 0.38678611904761906 0.10887898469387755 0.4060663282312925 0.21517181632653062 0.4268704506802721 0.2753920573979592 0.44284780782312927 0.29744973469387753
0 0.20253924659863945 0.15154526530612245 0.24920293707482993 0.25858020280612243 0.27514183843537415 0.29249773979591837 0.29338369217687077 0.3385007232142857 0.3045301836734694 0.3442907270408163 0.27179574319727895 0.24948472193877552 0.221554806122449 0.14714180739795918 0.20253924659863945 0.15154526530612245
0 0.2612181819727891 0.3665553915816327 0.2739446071428572 0.36425225637755104 0.28262808673469386 0.3525823214285714 0.2808537346938776 0.3452659375 0.24534622619047616 0.30841269897959184 0.23607743707482995 0.2848015089285714 0.19524687074829933 0.22599911989795918 0.14777264455782313 0.16422763647959185 0.12996093197278913 0.1683523176020408 0.20263590986394556 0.27837893877551023 0.2710866105442177 0.3488156020408163 0.2612181819727891 0.3665553915816327
0 0 0.3936810867346938 0.06262476700680272 0.41318785841836736 0.12930930612244898 0.432518362244898 0.17113654081632654 0.43699904209183676 0.22815321258503402 0.4566365293367347 0.2227288537414966 0.4488775025510204 0.14312346768707482 0.416440612244898 0.055033119047619046 0.38918829081632655 0 0.3737665829081633 0 0.3936810867346938
0 0 0.27443023724489796 0.027625828231292518 0.2944365471938776 0.11127210884353742 0.3471876836734694 0.23052925170068025 0.4116544897959184 0.23141847619047617 0.404365237244898 0.21021117857142857 0.389958056122449 0.07122741496598639 0.306233612244898 0.0027726190476190476 0.2576918380102041 0.02388475170068027 0.2534468125 0.03147844727891156 0.26649893877551023 0.04361342176870748 0.26175700892857146 0.05870564795918367 0.26920905102040815 0.05939430782312925 0.27935260841836734 0.07744788265306123 0.27710373724489795 0.08642299489795918 0.2885480867346939 0.1089144948979592 0.29364273214285713 0.11690317346938775 0.30467157015306123 0.1312074829931973 0.30522273979591835 0.12123979591836735 0.3262052117346939 0.14629970918367347 0.3126747844387755 0.26486614455782315 0.3779454757653061 0.2662496071428571 0.3653902576530612 0 0.2300343392857143 0 0.27443023724489796