0 0.321875 0.7059925093632958 0.355625 0.6741573033707865 0.458125 0.552434456928839 0.5075 0.47846441947565543 0.50875 0.4691011235955056 0.366875 0.6310861423220974 0.318125 0.6985018726591761 0.299375 0.704119850187266 0.29 0.7237827715355806 0.2925 0.7312734082397003 0.303125 0.7097378277153558 0.321875 0.7059925093632958
0 0.22625 0.7162921348314607 0.13125 0.5177902621722846 0.070625 0.42134831460674155 0.06875 0.42790262172284643 0.10375 0.4897003745318352 0.11625 0.5271535580524345 0.17125 0.6357677902621723 0.21125 0.701310861423221 0.22625 0.7387640449438202 0.253125 0.7734082397003745 0.26 0.7743445692883895 0.26625 0.7631086142322098 0.22625 0.7162921348314607
0 0.5325 0.37546816479400746 0.4925 0.2893258426966292 0.373125 0.08052434456928839 0.3675 0.08895131086142322 0.3725 0.10580524344569288 0.4075 0.15823970037453183 0.48125 0.3061797752808989 0.5325 0.38857677902621723 0.5475 0.42228464419475653 0.55375 0.4241573033707865 0.55625 0.41292134831460675 0.5325 0.37546816479400746
0 0.333125 0.6292134831460674 0.453125 0.47191011235955055 0.469375 0.45880149812734083 0.47625 0.4241573033707865 0.47 0.4241573033707865 0.465625 0.45131086142322097 0.415625 0.49812734082397003 0.319375 0.6161048689138576 0.291875 0.6591760299625468 0.271875 0.6760299625468165 0.2675 0.699438202247191 0.2725 0.701310861423221 0.275625 0.6835205992509363 0.333125 0.6292134831460674
0 0.7575 0.5533707865168539 0.66125 0.3661048689138577 0.639375 0.3408239700374532 0.609375 0.3258426966292135 0.585625 0.29213483146067415 0.603125 0.33146067415730335 0.64125 0.35674157303370785 0.645 0.37546816479400746 0.73875 0.5571161048689138 0.769375 0.6067415730337079 0.77375 0.6058052434456929 0.77625 0.600187265917603 0.7575 0.5533707865168539
0 0.7975 0.5514981273408239 0.68875 0.33614232209737827 0.666875 0.31086142322097376 0.633125 0.2958801498127341 0.604375 0.250936329588015 0.628125 0.301498127340824 0.66875 0.3267790262172285 0.6725 0.34737827715355807 0.70625 0.41292134831460675 0.77 0.5346441947565543 0.7975 0.5758426966292135 0.8025 0.5702247191011236 0.7975 0.5514981273408239
0 0.45125 0.36704119850187267 0.44 0.3838951310861423 0.40875 0.40262172284644193 0.25625 0.601123595505618 0.2375 0.6104868913857678 0.2225 0.6329588014981273 0.2225 0.6423220973782772 0.24125 0.6142322097378277 0.26 0.6086142322097379 0.3 0.5655430711610487 0.33125 0.5205992509363296 0.38375 0.46441947565543074 0.42875 0.398876404494382 0.44875 0.3895131086142322 0.46375 0.36329588014981273 0.4625 0.350187265917603 0.45625 0.3464419475655431 0.45125 0.36704119850187267
0 0.41375 0.31647940074906367 0.37 0.36142322097378277 0.32375 0.4288389513108614 0.19375 0.5767790262172284 0.1925 0.5880149812734082 0.2 0.5880149812734082 0.30375 0.46441947565543074 0.34125 0.4288389513108614 0.405 0.3352059925093633 0.44 0.30711610486891383 0.445 0.2902621722846442 0.4325 0.28651685393258425 0.41375 0.31647940074906367
0 0.385 0.299625468164794 0.37 0.30337078651685395 0.3425 0.32771535580524347 0.23125 0.46441947565543074 0.2075 0.5037453183520599 0.18 0.5149812734082397 0.17625 0.5337078651685393 0.18375 0.550561797752809 0.19 0.550561797752809 0.1825 0.5299625468164794 0.185 0.5187265917602997 0.21125 0.5093632958801498 0.32125 0.3782771535580524 0.35625 0.3258426966292135 0.37375 0.3089887640449438 0.3875 0.3052434456928839 0.39875 0.26591760299625467 0.395 0.25280898876404495 0.385 0.299625468164794
0 0.33 0.2397003745318352 0.30875 0.2565543071161049 0.27875 0.30711610486891383 0.23875 0.3445692883895131 0.18375 0.4307116104868914 0.16375 0.4438202247191011 0.15375 0.46441947565543074 0.15375 0.4794007490636704 0.1625 0.4850187265917603 0.17 0.45318352059925093 0.18625 0.44756554307116103 0.2125 0.42134831460674155 0.3125 0.2958801498127341 0.36375 0.21722846441947566 0.365 0.20599250936329588 0.3575 0.20224719101123595 0.33 0.2397003745318352
0 0.2475 0.24906367041198502 0.18875 0.3258426966292135 0.125 0.3913857677902622 0.12375 0.40262172284644193 0.13 0.40636704119850187 0.27125 0.24906367041198502 0.32375 0.17790262172284643 0.34125 0.17790262172284643 0.325 0.17415730337078653 0.2475 0.24906367041198502
0 0.63 0.21910112359550563 0.625 0.2340823970037453 0.64 0.26217228464419473 0.65875 0.2397003745318352 0.66875 0.24531835205992508 0.73 0.3595505617977528 0.75 0.41760299625468167 0.8175 0.5411985018726592 0.83375 0.5411985018726592 0.8425 0.5243445692883895 0.83875 0.5112359550561798 0.77 0.3857677902621723 0.73875 0.34831460674157305 0.695 0.26217228464419473 0.66875 0.2247191011235955 0.69125 0.19850187265917604 0.67875 0.1704119850187266 0.67 0.16853932584269662 0.63 0.21910112359550563
0 0.75125 0.2247191011235955 0.75875 0.25280898876404495 0.80125 0.32397003745318353 0.84 0.4101123595505618 0.87625 0.47191011235955055 0.885 0.47191011235955055 0.87875 0.44569288389513106 0.77125 0.23595505617977527 0.75 0.20973782771535582 0.7125 0.19101123595505617 0.695 0.15355805243445692 0.685 0.14606741573033707 0.71 0.19850187265917604 0.75125 0.2247191011235955
0 0.71 0.1348314606741573 0.73 0.17228464419475656 0.77 0.19288389513108614 0.77625 0.20224719101123595 0.79 0.24157303370786518 0.89375 0.4363295880149813 0.89625 0.4606741573033708 0.91125 0.46629213483146065 0.91875 0.4606741573033708 0.91 0.42696629213483145 0.84125 0.3052434456928839 0.79625 0.21161048689138576 0.76875 0.18164794007490637 0.73875 0.16853932584269662 0.7225 0.12734082397003746 0.71 0.1198501872659176 0.71 0.1348314606741573