0 0 0.6919475655430711 0.008125 0.6985018726591761 0.153125 0.7640449438202247 0.360625 0.8726591760299626 0.425625 0.8801498127340824 0.574375 0.9438202247191011 0.60625 0.9447565543071161 0.651875 0.9325842696629213 0.65875 0.9222846441947565 0.65875 0.9110486891385767 0.648125 0.900749063670412 0.603125 0.9269662921348315 0.563125 0.9176029962546817 0.426875 0.8539325842696629 0.386875 0.8127340823970037 0 0.6320224719101124 0 0.6919475655430711
0 0.7475 0.8117977528089888 0.729375 0.7865168539325843 0.666875 0.7397003745318352 0.624375 0.7359550561797753 0.565625 0.7584269662921348 0.515625 0.7453183520599251 0.470625 0.7134831460674157 0.261875 0.6685393258426966 0.133125 0.6460674157303371 0.07125 0.6582397003745318 0.221875 0.7247191011235955 0.434375 0.7771535580524345 0.471875 0.7827715355805244 0.509375 0.7696629213483146 0.574375 0.7734082397003745 0.631875 0.7565543071161048 0.658125 0.7602996254681648 0.691875 0.7790262172284644 0.731875 0.8277153558052435 0.7425 0.8305243445692884 0.75 0.8230337078651685 0.7475 0.8117977528089888
0 0 0.6226591760299626 0.004375 0.6273408239700374 0.249375 0.6610486891385767 0.496875 0.7172284644194756 0.573125 0.7228464419475655 0.605625 0.7116104868913857 0.673125 0.7191011235955056 0.765625 0.7134831460674157 0.785 0.7237827715355806 0.79 0.7106741573033708 0.771875 0.6928838951310862 0.729375 0.6985018726591761 0.644375 0.6910112359550562 0.598125 0.6816479400749064 0.566875 0.6591760299625468 0.179375 0.6104868913857678 0 0.6058052434456929 0 0.6226591760299626
0 0.698125 0.5880149812734082 0.683125 0.5805243445692884 0.679375 0.5917602996254682 0.659375 0.5823970037453183 0.611875 0.6067415730337079 0.566875 0.6067415730337079 0.501875 0.5955056179775281 0.464375 0.5767790262172284 0.205625 0.552434456928839 0 0.5215355805243446 0.003125 0.5898876404494382 0.203125 0.6086142322097379 0.400625 0.6367041198501873 0.608125 0.6367041198501873 0.634375 0.6273408239700374 0.680625 0.5955056179775281 0.69125 0.6058052434456929 0.7175 0.6563670411985019 0.725 0.6882022471910112 0.73 0.6919475655430711 0.71125 0.6095505617977528 0.698125 0.5880149812734082
0 0.679375 0.5823970037453183 0.631875 0.5561797752808989 0.494375 0.5355805243445693 0.458125 0.5224719101123596 0.448125 0.5093632958801498 0.428125 0.50187265917603 0 0.4559925093632959 0.001875 0.5149812734082397 0.429375 0.5749063670411985 0.473125 0.5655430711610487 0.645625 0.5749063670411985 0.674375 0.5898876404494382 0.711875 0.6479400749063671 0.71875 0.648876404494382 0.715 0.6301498127340824 0.679375 0.5823970037453183
0 0.659375 0.4794007490636704 0.6625 0.47097378277153557 0.658125 0.4606741573033708 0.621875 0.4606741573033708 0.530625 0.4438202247191011 0.314375 0.44756554307116103 0.305625 0.45318352059925093 0.1425 0.4597378277153558 0.201875 0.47752808988764045 0.44625 0.5009363295880149 0.579375 0.49625468164794007 0.659375 0.4794007490636704
0 0.765 0.5777153558052435 0.7225 0.4953183520599251 0.710625 0.48314606741573035 0.699375 0.48314606741573035 0.661875 0.5131086142322098 0.645625 0.5187265917602997 0.608125 0.5168539325842697 0.599375 0.5074906367041199 0.550625 0.5 0.463125 0.50187265917603 0.45125 0.5084269662921348 0.455625 0.5187265917602997 0.475625 0.5299625468164794 0.613125 0.550561797752809 0.656875 0.5411985018726592 0.706875 0.50187265917603 0.74375 0.5646067415730337 0.75375 0.6058052434456929 0.7625 0.6095505617977528 0.77125 0.600187265917603 0.765 0.5777153558052435
0 0.318125 0.4438202247191011 0.569375 0.4400749063670412 0.596875 0.41947565543071164 0.765625 0.3951310861423221 0.785625 0.3838951310861423 0.8 0.3604868913857678 0.800625 0.350187265917603 0.823125 0.37453183520599254 0.830625 0.37265917602996257 0.83375 0.3586142322097378 0.805625 0.31086142322097376 0.8 0.3099250936329588 0.8 0.3249063670411985 0.795625 0.32771535580524347 0.788125 0.30711610486891383 0.78375 0.3136704119850187 0.79125 0.32865168539325845 0.78875 0.35674157303370785 0.774375 0.37453183520599254 0.753125 0.3801498127340824 0.626875 0.38764044943820225 0.596875 0.3838951310861423 0.563125 0.36891385767790263 0.325625 0.398876404494382 0 0.42228464419475653 0.000625 0.45131086142322097 0.09625 0.4597378277153558 0.216875 0.45692883895131087 0.318125 0.4438202247191011
0 0.535625 0.3707865168539326 0.596875 0.34831460674157305 0.679375 0.33707865168539325 0.705625 0.3258426966292135 0.748125 0.29213483146067415 0.764375 0.2958801498127341 0.791875 0.33146067415730335 0.796875 0.3146067415730337 0.80125 0.34925093632958804 0.816875 0.37640449438202245 0.829375 0.3782771535580524 0.835 0.3586142322097378 0.810625 0.31647940074906367 0.7975 0.3080524344569288 0.795625 0.28277153558052437 0.769375 0.2602996254681648 0.756875 0.2602996254681648 0.694375 0.3052434456928839 0.653125 0.31647940074906367 0.596875 0.31647940074906367 0.536875 0.3052434456928839 0.340625 0.32209737827715357 0.306875 0.3352059925093633 0.184375 0.34831460674157305 0.078125 0.3539325842696629 0.043125 0.3389513108614232 0.000625 0.3445692883895131 0 0.4166666666666667 0.01375 0.4166666666666667 0.144375 0.4101123595505618 0.535625 0.3707865168539326
0 0.338125 0.31835205992509363 0.421875 0.31835205992509363 0.540625 0.299625468164794 0.603125 0.27340823970037453 0.749375 0.24719101123595505 0.810625 0.21910112359550563 0.815 0.20318352059925093 0.810625 0.19288389513108614 0.800625 0.19101123595505617 0.776875 0.21161048689138576 0.738125 0.22659176029962547 0.616875 0.24906367041198502 0.539375 0.24531835205992508 0.426875 0.25842696629213485 0.399375 0.27153558052434457 0.075625 0.3258426966292135 0 0.3455056179775281 0.000625 0.3539325842696629 0.061875 0.3464419475655431 0.074375 0.35580524344569286 0.09 0.3548689138576779 0.290625 0.33146067415730335 0.338125 0.31835205992509363
0 0.454375 0.24719101123595505 0.501875 0.24719101123595505 0.546875 0.23782771535580524 0.616875 0.21348314606741572 0.629375 0.19850187265917604 0.714375 0.18352059925093633 0.778125 0.12359550561797752 0.789375 0.12921348314606743 0.824375 0.1760299625468165 0.83125 0.17134831460674158 0.794375 0.11235955056179775 0.776875 0.10299625468164794 0.711875 0.15730337078651685 0.693125 0.16292134831460675 0.394375 0.19850187265917604 0.003125 0.26779026217228463 0 0.33052434456928836 0.005 0.33052434456928836 0.383125 0.2696629213483146 0.454375 0.24719101123595505