0 0.16003293080939948 0.0026913358490566037 0.15721293342036552 0.2361402641509434 0.1591562140992167 0.23743509056603773 0.16797283028720628 0.002824864150943396 0.16003293080939948 0.0026913358490566037
0 0.22680645691906004 0.3129320132075472 0.22918918668407312 0.33190299433962267 0.23633407441253265 0.33503402075471694 0.24098231201044387 0.3286246754716981 0.24324451697127938 0.24946243396226417 0.24753488250652741 0.0041628905660377365 0.22874215404699738 0.003846845283018868 0.22680645691906004 0.3129320132075472
0 0.3146511266318538 0.33832685283018865 0.31932214751958227 0.33003138679245286 0.32149321801566577 0.25841363396226413 0.32669351697127935 0.005494132075471698 0.3077750835509139 0.005175973584905661 0.3049640221932115 0.32942769811320755 0.3146511266318538 0.33832685283018865
0 0.38314437075718016 0.34403726415094343 0.39292261096605746 0.3453919283018868 0.3983682819843342 0.27296831698113205 0.40361707310704964 0.00678778679245283 0.384246134464752 0.006462016981132076 0.38082999216710184 0.3194079169811321 0.38314437075718016 0.34403726415094343
0 0.5477468825065275 0.3396354811320755 0.555836768929504 0.010680183018867926 0.5363603694516971 0.009861298113207547 0.5326041971279373 0.24181419433962262 0.5320379046997389 0.3427491566037736 0.5404425091383812 0.34970730754716983 0.5477468825065275 0.3396354811320755
0 0.46063790208877287 0.36144857169811323 0.4671643224543081 0.3617229735849057 0.4731861971279373 0.3497101433962264 0.4811174725848564 0.00809113962264151 0.4607171997389034 0.007748060377358491 0.4562630691906005 0.3452244528301887 0.46063790208877287 0.36144857169811323
0 0.8276191514360314 1 0.8302776840731071 0.6270281188679245 0.8188946671018277 0.5963562452830189 0.782343407310705 0.5410376754716981 0.7706869843342037 0.5329992603773585 0.7679852806788513 0.5404339867924528 0.7773989791122715 0.5719666037735849 0.7883230156657963 0.5865790018867925 0.7948950052219321 0.5830811622641509 0.8056139869451697 0.6146686566037736 0.8198581945169713 0.6247029528301886 0.8171858812010444 0.7378153886792452 0.8114407167101827 0.7809766698113207 0.8087949765013055 1 0.8276191514360314 1
0 0.7538678668407311 0.3577372169811321 0.7583338342036554 0.3664168471698113 0.7687761083550915 0.36685589056603773 0.7734243459530026 0.36044654528301884 0.7754587127937338 0.30014552452830184 0.7812780939947781 0.02015883962264151 0.7599893733681463 0.019263758490566038 0.7548214843342037 0.22473818113207547 0.7538678668407311 0.3577372169811321
0 0.8479622480417754 0.3522580037735849 0.8519380248041776 0.023129728301886792 0.8354015352480418 0.022434454716981134 0.8260425195822454 0.27490965849056603 0.826940997389034 0.36269664905660376 0.8392842389033942 0.3679333188679245 0.8479622480417754 0.3522580037735849
0 0.6200876279373368 0.3511689 0.6260183668407311 0.346700558490566 0.6294035848563969 0.28268217358490566 0.6336741501305483 0.01395284716981132 0.6108181840731071 0.012991869811320753 0.6055634086161881 0.2562042358490566 0.6077671723237598 0.3440461075471698 0.6200876279373368 0.3511689
0 0.6796717219321149 0.33763392830188677 0.6841376892950393 0.34631355849056605 0.6958852467362924 0.34680748301886793 0.7019299046997389 0.33290853207547166 0.7038047845953003 0.28581036415094335 0.7094405078328981 0.017138435849056603 0.6851670587467363 0.016117862264150944 0.6786821083550914 0.2573914245283019 0.6796717219321149 0.33763392830188677
0 0.6825737989556137 1 0.6860195143603133 0.7851387471698114 0.6837896644908615 0.6454010849056604 0.6801472180156657 0.6226029792452831 0.6628562467362924 0.5945133245283019 0.6499173237597912 0.5845339094339623 0.6281376005221933 0.5496507452830188 0.6215656122715405 0.5531485867924528 0.6374373798955614 0.5906139716981131 0.6720648903394255 0.6430210358490567 0.6692103067885118 0.7712224471698114 0.6636018446475196 0.8030669981132076 0.6601405091383812 1 0.6825737989556137 1
0 0.7580230391644909 1 0.7610196997389035 0.8467916 0.7589493355091383 0.6938510811320754 0.7605280261096606 0.6712724981132075 0.7764192741514361 0.6530698452830189 0.7818910339425588 0.6325420264150944 0.7756380182767625 0.609634162264151 0.7621261971279374 0.593025879245283 0.7387222167101828 0.584493541509434 0.720334318537859 0.593155824528302 0.7203376214099217 0.6469377396226416 0.744223365535248 0.6696434301886792 0.7486209817232375 0.6839814264150943 0.7461081553524804 0.7838910094339623 0.7373650966057442 0.8590066018867925 0.7347900704960836 1 0.7580230391644909 1
0 0.4602113263707572 1 0.46515307963446473 0.7984973981132075 0.46257486553524807 0.5794877339622642 0.4589552023498695 0.5548035075471698 0.4390992310704961 0.5228318471698113 0.4121211553524804 0.48584303962264147 0.4056175182767624 0.4836825150943397 0.4029158146214099 0.49111724150943403 0.41615422976501304 0.5303589867924529 0.45075895561357704 0.5846521735849057 0.44961976501305484 0.6789582716981133 0.4407855718015666 0.7616183509433962 0.43606462924281986 1 0.4602113263707572 1
0 0.20160585770234984 0.5071852226415094 0.18589687989556136 0.5102989 0.16130483812010443 0.5460629867924528 0.15323010574412532 0.5658523377358491 0.15269848302872063 0.6098618509433963 0.17571183550913838 0.5966763452830189 0.19164865143603133 0.5747014471698113 0.2128326906005222 0.6048418660377358 0.2115340130548303 0.712350816981132 0.20553822715404702 0.7762594396226415 0.20228990600522195 0.9959676679245282 0.22418031984334205 0.9968880490566039 0.22775084203655352 0.7753062867924528 0.22446633028720625 0.6147664018867924 0.23179348825065274 0.6028084528301887 0.24883053394255875 0.5978635339622642 0.26144718015665797 0.5804667396226415 0.26572757310704964 0.5504534320754717 0.26194842428198434 0.5389720566037736 0.241910181462141 0.5220893735849056 0.20916415796344645 0.5301479698113208 0.20160585770234984 0.5071852226415094
0 0.6058684869451697 1 0.6073834882506527 0.8082516226415094 0.6026635966057441 0.7665374169811321 0.6035977323759791 0.6892064188679246 0.6051764229765013 0.6666278358490566 0.6264255117493472 0.6373279735849056 0.6280042010443865 0.6147493924528302 0.6198046514360313 0.5908161433962265 0.5906749869451697 0.5697770509433961 0.5871008916449086 0.5413205830188679 0.5722382180156658 0.528429662264151 0.5420116279373368 0.5441425075471699 0.5293949817232376 0.5615393000000001 0.5225951540469974 0.5838983603773585 0.5243399373368146 0.6556807566037736 0.5150500678851174 0.7760632754716981 0.5119201383812011 1 0.5336468420365535 1 0.537353818537859 0.7675656339622641 0.5343948864229765 0.6881838735849057 0.5378712402088772 0.616621 0.5490231148825065 0.612372179245283 0.5604516997389034 0.6392718132075471 0.57588727154047 0.658791596226415 0.5908182963446476 0.6660241509433962 0.5919640939947781 0.6792818830188679 0.585056954308094 0.8186353849056603 0.5839036932114882 1 0.6058684869451697 1
0 0.3797478903394256 1 0.38195664751958225 0.7666932150943396 0.3759770378590078 0.7211518867924529 0.376016 0.6098158132075472 0.37752633812010444 0.5928955962264151 0.3934175861618799 0.5746929433962265 0.39756127806788516 0.5559963660377358 0.39389604699738906 0.5350843830188678 0.36680405221932116 0.5075261849056604 0.3670774582245431 0.48489272075471695 0.3601148407310705 0.466672720754717 0.34442864751958224 0.4679002754716981 0.32258387597911226 0.49245739245283016 0.3105401292428198 0.5164830528301887 0.30087911227154046 0.5594796943396226 0.28928146997389037 0.7627966981132075 0.2841148733681462 0.9994079924528302 0.2981952545691906 1 0.30676022062663183 1 0.3124348276762402 0.7920763754716981 0.311093546997389 0.5787799566037736 0.31450485248041776 0.5666573660377358 0.3262751945169713 0.5652651698113207 0.3404510496083551 0.5809578301886792 0.36124446083550915 0.5893804056603774 0.36435957702349875 0.6017774 0.3629014125326371 0.7224892037735849 0.3570651122715404 0.7731949735849056 0.35552846997389037 1 0.3797478903394256 1