0 0.39405509663865546 0.34906454621848737 0.3626145070028012 0.33759057563025213 0.33943324789915963 0.3547938445378151 0.326028768907563 0.386798531512605 0.3267467843137255 0.40360525420168064 0.31935783473389356 0.4117661743697479 0.18560433333333332 0.42579560714285714 0.1869002142857143 0.4561285105042017 0.24796473529411764 0.4530186827731092 0.26992493837535014 0.440164 0.3173644831932773 0.43096754621848743 0.32949362464985993 0.43497095588235296 0.33477232913165267 0.4597403235294118 0.3503308543417367 0.4781558046218487 0.3843033081232493 0.48303344327731096 0.39926071148459386 0.4709132857142857 0.4116236372549019 0.44745886344537816 0.41623860644257704 0.423762 0.414057418767507 0.38917158823529413 0.39405509663865546 0.34906454621848737
0 0.42488812044817925 0.8238030945378151 0.40625921848739494 0.7993789033613445 0.3904042955182073 0.7904906575630252 0.36135153921568625 0.801979025210084 0.3438351316526611 0.8365252689075631 0.3406207226890756 0.8600752289915966 0.33025114845938375 0.8643282773109243 0.2877855826330532 0.8582312268907563 0.2560757380952381 0.8404547352941176 0.20316850140056023 0.8369231722689076 0.20476782913165265 0.8743589033613446 0.2663638907563025 0.8836909516806722 0.29279503081232494 0.8766980756302521 0.3310589173669468 0.8832358403361344 0.3462584355742297 0.8932479579831933 0.3459348991596639 0.9186049474789916 0.3583959075630252 0.9468414726890757 0.3794669229691877 0.9625684915966386 0.3990747661064426 0.9605118193277311 0.42657459943977594 0.9291389222689076 0.4364328011204482 0.8964510756302521 0.4354726694677871 0.8575120777310924 0.42488812044817925 0.8238030945378151
0 0.24774546638655462 0.744256794117647 0.3344904481792717 0.7330478403361345 0.3602035728291317 0.7092482415966387 0.3603287955182073 0.745109430672269 0.3662274327731092 0.7349945777310924 0.3652673011204482 0.6960555777310924 0.35948555602240895 0.6924415189075631 0.3336826806722689 0.7141402773109243 0.2651992619047619 0.691779955882353 0.19691431232492998 0.690530268907563 0.19899407703081232 0.7392116722689076 0.24774546638655462 0.744256794117647
0 0.3576195742296919 0.5829040105042017 0.37266672829131653 0.5728846932773108 0.3723077212885154 0.5644813319327731 0.31023431092436976 0.5604409537815126 0.26890004901960785 0.5478944768907563 0.1909797955182073 0.551619987394958 0.1930759593837535 0.6006852605042017 0.2696535364145658 0.5984615504201681 0.3112215826330532 0.5835501974789916 0.3576195742296919 0.5829040105042017
0 0.3258597422969188 0.26758688655462187 0.34588087394957984 0.24227406512605043 0.383696 0.23830762815126053 0.35374572408963584 0.2287875924369748 0.32111955042016804 0.2554225588235294 0.278833487394958 0.25352718907563027 0.2108343011204482 0.2754314201680672 0.17943085294117647 0.2812918592436975 0.18099952941176473 0.3180101407563025 0.26522236414565825 0.2971599516806723 0.3258597422969188 0.26758688655462187
0 0.17510170588235294 0.17995873949579833 0.2672533361344538 0.14711885714285713 0.312394799719888 0.11706090756302522 0.3513767016806723 0.14040539495798318 0.35867589775910363 0.1301436344537815 0.3570332226890756 0.10815826470588236 0.3318419481792717 0.04538269537815126 0.3504165700280112 0.1014663949579832 0.3507484369747899 0.12569951260504203 0.3131670952380952 0.10220811974789916 0.26414748739495797 0.10734979621848739 0.17351620028011205 0.1428465294117647 0.17510170588235294 0.17995873949579833
0 0.1836384369747899 0 0.1677690056022409 0.0083209243697479 0.16900155742296918 0.037171499999999996 0.25414740056022406 0.0049962394957983195 0.26014500840336136 0 0.1836384369747899 0
0 0.6616620728291316 0.9160869453781513 0.46062847338935575 0.8865272962184874 0.4424211904761905 0.8884370630252101 0.4381026176470588 0.9026066911764705 0.4547924481792717 0.9145727457983194 0.5896407086834734 0.9426335714285714 0.7149908487394958 0.9294855672268908 0.6616620728291316 0.9160869453781513
0 0.716968612044818 0.7288039474789916 0.6856177759103641 0.7194308172268907 0.4646527969187675 0.7172848298319328 0.44364439355742297 0.7194884054621848 0.4390565644257703 0.7273555147058823 0.439505324929972 0.7378597163865547 0.44761228991596635 0.7465055189075631 0.7610497142857143 0.7727161239495799 0.8194599551820729 0.7898022605042017 0.8430899761904761 0.7831031932773109 0.8516373697478992 0.7526630924369748 0.842605743697479 0.7388386407563025 0.8212383333333333 0.7326388550420168 0.716968612044818 0.7288039474789916
0 0.7814508109243697 0.5257867331932773 0.6494391414565827 0.5311924474789915 0.5204080966386554 0.5405060336134454 0.4360780868347339 0.5588475714285714 0.43661659943977593 0.5714526134453781 0.44323325210084036 0.578144481092437 0.4909420518207283 0.575250550420168 0.5054861652661065 0.5863865420168067 0.5682421204481792 0.5734732920168067 0.8062830770308123 0.5801589411764706 0.8367363949579832 0.5685236680672269 0.8452566484593838 0.5539133235294117 0.8452837885154062 0.5380835672268907 0.8322299859943978 0.528901512605042 0.7814508109243697 0.5257867331932773
0 0.521631299719888 0.37155737605042016 0.45860608963585436 0.3781681050420168 0.44886478011204484 0.3971270357142857 0.4626637380952381 0.4072860588235294 0.8086021134453781 0.371000506302521 0.8520129635854342 0.34982888025210085 0.8509078921568627 0.3239622836134454 0.8443529439775911 0.318714743697479 0.5491937450980392 0.35811507352941174 0.521631299719888 0.37155737605042016
0 0.5337354481792717 0.22679046848739495 0.7994474117647058 0.15671479201680674 0.840925705882353 0.13970259873949578 0.8423982829131652 0.12477635924369747 0.8417101848739497 0.10866991596638656 0.8309068095238096 0.10276890336134453 0.8072767899159664 0.1094679705882353 0.7489563011204482 0.0944826743697479 0.720442056022409 0.11857608403361344 0.624072656862745 0.13501505462184873 0.4878947787114846 0.17462183613445378 0.4734758879551821 0.19934703571428572 0.45237773249299723 0.19944977100840336 0.4085470770308123 0.2272599768907563 0.37684556302521005 0.2590735903361345 0.4105759005602241 0.2418189537815126 0.5337354481792717 0.22679046848739495
0 0.48668984313725494 0 0.4477294383753501 0.02478621218487395 0.4262179943977591 0.04814509663865546 0.3710033529411765 0.07292886344537816 0.36230359523809524 0.08333752731092438 0.37461224229691875 0.0915426155462185 0.4047963025210084 0.07360482142857142 0.45661703081232496 0.06816933403361344 0.5233054103641457 0.0485128487394958 0.6448414019607843 0 0.48668984313725494 0