0 0.42814814814814817 0.6894444444444444 0.43703703703703706 0.6827777777777778 0.4318518518518519 0.6788888888888889 0.4222222222222222 0.685 0.41185185185185186 0.775 0.4074074074074074 0.9994444444444445 0.4222222222222222 0.9994444444444445 0.4325925925925926 0.7683333333333333 0.42814814814814817 0.6894444444444444
0 0.8533333333333334 0.8672222222222222 0.7318518518518519 0.7116666666666667 0.6859259259259259 0.6561111111111111 0.6340740740740741 0.605 0.6370370370370371 0.5972222222222222 0.6288888888888889 0.5966666666666667 0.6266666666666667 0.605 0.6592592592592592 0.6405555555555555 0.6755555555555556 0.6705555555555556 0.7274074074074074 0.7283333333333334 0.8414814814814815 0.8727777777777778 0.8548148148148148 0.8816666666666667 0.8592592592592593 0.8772222222222222 0.8533333333333334 0.8672222222222222
0 0.6607407407407407 0.8772222222222222 0.6133333333333333 0.7661111111111111 0.554074074074074 0.6594444444444445 0.5281481481481481 0.6255555555555555 0.5274074074074074 0.6327777777777778 0.6088888888888889 0.7761111111111111 0.6340740740740741 0.8327777777777777 0.6333333333333333 0.8433333333333334 0.6118518518518519 0.8272222222222222 0.6014814814814815 0.8061111111111111 0.5896296296296296 0.7961111111111111 0.562962962962963 0.7538888888888889 0.562962962962963 0.7416666666666667 0.554074074074074 0.7394444444444445 0.5037037037037037 0.6505555555555556 0.4911111111111111 0.6366666666666667 0.5140740740740741 0.6861111111111111 0.5748148148148148 0.7883333333333333 0.6518518518518519 0.8916666666666667 0.6844444444444444 0.9461111111111111 0.6918518518518518 0.9483333333333334 0.6948148148148148 0.9405555555555556 0.6607407407407407 0.8772222222222222
0 0.7955555555555556 0.6283333333333333 0.7955555555555556 0.6072222222222222 0.78 0.5922222222222222 0.7518518518518519 0.59 0.7318518518518519 0.6016666666666667 0.7288888888888889 0.6227777777777778 0.7459259259259259 0.64 0.7711111111111111 0.6422222222222222 0.7918518518518518 0.6344444444444445 0.8711111111111111 0.6616666666666666 0.8703703703703703 0.6555555555555556 0.7955555555555556 0.6283333333333333
0 1 0.5927777777777777 0.9874074074074074 0.5877777777777777 0.8140740740740741 0.5444444444444444 0.8103703703703704 0.5316666666666666 0.7992592592592592 0.5255555555555556 0.7725925925925926 0.5288888888888889 0.7496296296296296 0.5494444444444444 0.7525925925925926 0.5627777777777778 0.7622222222222222 0.5677777777777778 0.7888888888888889 0.5666666666666667 0.8140740740740741 0.5511111111111111 1 0.6038888888888889 1 0.5927777777777777
0 0.8674074074074074 0.4711111111111111 0.9355555555555556 0.46 0.9992592592592593 0.4477777777777778 1 0.43722222222222223 0.9977777777777778 0.43444444444444447 0.857037037037037 0.45555555555555555 0.7770370370370371 0.47444444444444445 0.7525925925925926 0.475 0.7607407407407407 0.48 0.7733333333333333 0.47944444444444445 0.8244444444444444 0.4722222222222222 0.8674074074074074 0.4711111111111111
0 0.8237037037037037 0.38722222222222225 0.8281481481481482 0.37722222222222224 0.8281481481481482 0.3661111111111111 0.8318518518518518 0.36333333333333334 0.9014814814814814 0.3422222222222222 0.9103703703703704 0.3388888888888889 0.9125925925925926 0.3338888888888889 0.9103703703703704 0.3322222222222222 0.9 0.33444444444444443 0.8288888888888889 0.36 0.8244444444444444 0.36 0.8140740740740741 0.3522222222222222 0.8037037037037037 0.3488888888888889 0.7888888888888889 0.3488888888888889 0.7785185185185185 0.3522222222222222 0.7644444444444445 0.365 0.7644444444444445 0.3838888888888889 0.7688888888888888 0.39055555555555554 0.7785185185185185 0.39666666666666667 0.7859259259259259 0.3988888888888889 0.8014814814814815 0.3983333333333333 0.8096296296296296 0.39666666666666667 0.8237037037037037 0.38722222222222225
0 0.697037037037037 0.30777777777777776 0.7355555555555555 0.2811111111111111 0.7429629629629629 0.2788888888888889 0.7555555555555555 0.26722222222222225 0.7488888888888889 0.26666666666666666 0.7429629629629629 0.27 0.6733333333333333 0.31666666666666665 0.6659259259259259 0.3188888888888889 0.6459259259259259 0.3338888888888889 0.6459259259259259 0.33611111111111114 0.6488888888888888 0.33611111111111114 0.6777777777777778 0.31666666666666665 0.697037037037037 0.30777777777777776
0 0.9911111111111112 0.13277777777777777 0.9829629629629629 0.13333333333333333 0.9266666666666666 0.1688888888888889 0.825925925925926 0.22 0.7562962962962962 0.26222222222222225 0.7562962962962962 0.26666666666666666 0.7651851851851852 0.2644444444444444 0.8348148148148148 0.2222222222222222 0.8644444444444445 0.2088888888888889 0.8718518518518519 0.21222222222222223 0.8725925925925926 0.205 0.88 0.205 0.8696296296296296 0.22055555555555556 0.7814814814814814 0.28555555555555556 0.7644444444444445 0.28055555555555556 0.7718518518518519 0.29055555555555557 0.7688888888888888 0.29388888888888887 0.674074074074074 0.3616666666666667 0.6814814814814815 0.36277777777777775 0.8274074074074074 0.2633333333333333 0.9911111111111112 0.13277777777777777
0 0.7785185185185185 0 0.7748148148148148 0.005 0.6592592592592592 0.23055555555555557 0.642962962962963 0.2927777777777778 0.6288888888888889 0.3 0.6192592592592593 0.29944444444444446 0.6281481481481481 0.3038888888888889 0.6459259259259259 0.29833333333333334 0.6518518518518519 0.2727777777777778 0.6874074074074074 0.22055555555555556 0.7703703703703704 0.04722222222222222 0.7866666666666666 0.010555555555555556 0.7859259259259259 0 0.7785185185185185 0
0 0.5703703703703704 0.2761111111111111 0.554074074074074 0.24722222222222223 0.6251851851851852 0.13944444444444445 0.705925925925926 0 0.682962962962963 0.0016666666666666668 0.5748148148148148 0.18722222222222223 0.5466666666666666 0.245 0.5325925925925926 0.24666666666666667 0.5214814814814814 0.2538888888888889 0.5274074074074074 0.2772222222222222 0.5414814814814815 0.2866666666666667 0.56 0.28944444444444445 0.5688888888888889 0.285 0.5703703703703704 0.2761111111111111
0 0.482962962962963 0.25166666666666665 0.47555555555555556 0.23166666666666666 0.47703703703703704 0.15944444444444444 0.46370370370370373 0.002777777777777778 0.4525925925925926 0 0.46074074074074073 0.20055555555555554 0.47703703703703704 0.25166666666666665 0.46814814814814815 0.26722222222222225 0.48148148148148145 0.2594444444444444 0.482962962962963 0.25166666666666665
0 0.2866666666666667 0 0.3362962962962963 0.23166666666666666 0.35703703703703704 0.29055555555555557 0.36592592592592593 0.30722222222222223 0.3718518518518519 0.30722222222222223 0.3585185185185185 0.2772222222222222 0.3511111111111111 0.21388888888888888 0.30074074074074075 0.005 0.2985185185185185 0 0.2866666666666667 0
0 0.28296296296296297 0.3461111111111111 0.2814814814814815 0.33166666666666667 0.2577777777777778 0.2861111111111111 0.09037037037037036 0.05277777777777778 0.07925925925925927 0.04777777777777778 0.07703703703703704 0.05277777777777778 0.21185185185185185 0.25166666666666665 0.2725925925925926 0.32611111111111113 0.277037037037037 0.3461111111111111 0.30666666666666664 0.35833333333333334 0.30444444444444446 0.35333333333333333 0.28296296296296297 0.3461111111111111
0 0.2674074074074074 0.40555555555555556 0.24962962962962962 0.3988888888888889 0.16962962962962963 0.35777777777777775 0 0.2916666666666667 0.005185185185185185 0.3055555555555556 0.11481481481481481 0.35333333333333333 0.24962962962962962 0.40555555555555556 0.27555555555555555 0.41055555555555556 0.2822222222222222 0.4033333333333333 0.2674074074074074 0.40555555555555556
0 0 0.485 0.006666666666666667 0.4866666666666667 0.16296296296296298 0.49166666666666664 0.23777777777777778 0.48777777777777775 0.2674074074074074 0.4811111111111111 0.277037037037037 0.46944444444444444 0.2733333333333333 0.4666666666666667 0.2644444444444444 0.47555555555555556 0.24074074074074073 0.4822222222222222 0.18444444444444444 0.4811111111111111 0.15925925925925927 0.47555555555555556 0 0.475 0 0.485
0 0.21703703703703703 0.5855555555555556 0.2748148148148148 0.5811111111111111 0.28444444444444444 0.575 0.16666666666666666 0.5811111111111111 0.0022222222222222222 0.6011111111111112 0.002962962962962963 0.6127777777777778 0.1711111111111111 0.5966666666666667 0.21703703703703703 0.5855555555555556
0 0 0.6638888888888889 0.0044444444444444444 0.6638888888888889 0.1814814814814815 0.6288888888888889 0.28074074074074074 0.5966666666666667 0.2985185185185185 0.6055555555555555 0.2992592592592593 0.5972222222222222 0.28814814814814815 0.59 0.27925925925925926 0.59 0.22740740740740742 0.6066666666666667 0.19777777777777777 0.6088888888888889 0.11925925925925926 0.6255555555555555 0.005185185185185185 0.6533333333333333 0 0.6561111111111111 0 0.6638888888888889
0 0.33925925925925926 0.6983333333333334 0.35555555555555557 0.6727777777777778 0.3933333333333333 0.64 0.38296296296296295 0.6422222222222222 0.3244444444444444 0.6872222222222222 0.2696296296296296 0.7383333333333333 0.10962962962962963 0.8972222222222223 0.10814814814814815 0.9027777777777778 0.11851851851851852 0.905 0.2992592592592593 0.7372222222222222 0.33925925925925926 0.6983333333333334
0 0.06592592592592593 0.7822222222222223 0.15333333333333332 0.7411111111111112 0.2362962962962963 0.6966666666666667 0.3422222222222222 0.6316666666666667 0.3340740740740741 0.63 0.3118518518518518 0.6411111111111111 0.17851851851851852 0.7155555555555555 0.10444444444444445 0.7511111111111111 0.10518518518518519 0.7372222222222222 0.12222222222222222 0.7344444444444445 0.12 0.7261111111111112 0.1325925925925926 0.7177777777777777 0.14444444444444443 0.7188888888888889 0.14666666666666667 0.7072222222222222 0.1622222222222222 0.7033333333333334 0.17407407407407408 0.69 0.18888888888888888 0.6866666666666666 0.19333333333333333 0.6777777777777778 0.21481481481481482 0.6872222222222222 0.20592592592592593 0.6694444444444444 0.3125925925925926 0.605 0.2985185185185185 0.6022222222222222 0.052592592592592594 0.7611111111111111 0.0014814814814814814 0.7983333333333333 0.0014814814814814814 0.805 0.03185185185185185 0.7911111111111111 0.06592592592592593 0.7822222222222223