0 0.804830283911672 0.4209007922374429 0.8676870205047318 0.19372360045662101 0.8480770662460568 0.1829511095890411 0.8093741025236594 0.33001794063926937 0.7886884763406941 0.4120334863013698 0.7912011167192429 0.4244718105022831 0.804830283911672 0.4209007922374429
0 0.7237997697160883 0.3591862831050228 0.7820512160883281 0.14668061415525116 0.7615233611987382 0.13540388584474886 0.719297474763407 0.29527948630136985 0.701988952681388 0.3803788744292237 0.7132862160883281 0.3853562168949772 0.7237997697160883 0.3591862831050228
0 0.580253212933754 0.17097907534246576 0.6118373974763407 0.05317572602739726 0.5911510694006309 0.04181194520547945 0.5318870189274447 0.27096273515981734 0.5367515583596214 0.28715038356164385 0.548330310725552 0.2849103401826484 0.580253212933754 0.17097907534246576
0 0.6316927255520505 0.3380764885844749 0.6964301514195583 0.09964572602739726 0.6749400804416404 0.08784041552511417 0.611450094637224 0.3318711278538813 0.6142642208201893 0.34938974885844754 0.621601405362776 0.35342034018264845 0.6316927255520505 0.3380764885844749
0 0.29171035804416406 0.0751337602739726 0.2745225835962145 0.14432676484018264 0.2776181971608833 0.15462799771689498 0.2893576940063091 0.16107694520547947 0.2971171119873817 0.15428145433789955 0.33612833753943216 0.014156924657534245 0.30805288643533124 0.012974454337899543 0.29171035804416406 0.0751337602739726
0 0.459561143533123 0.15259649771689499 0.44267485488958996 0.22686980365296802 0.44782088170347 0.2358400616438356 0.46380194637223976 0.23601837442922374 0.49457889274447947 0.13865897488584475 0.5251115331230284 0.022116445205479455 0.49493004731861195 0.02084527397260274 0.459561143533123 0.15259649771689499
0 0.39951302050473186 0.016826536529680365 0.375917239747634 0.10664774200913242 0.36281029337539433 0.16088111415525116 0.36504144321766563 0.18053682420091324 0.37824837539432177 0.18779189269406393 0.3860077933753943 0.18099639954337898 0.4129854022082019 0.09137924429223745 0.4317279384858044 0.018183351598173515 0.39951302050473186 0.016826536529680365
0 0.28217818454258675 0.5245053904109589 0.2346356955835962 0.6802317123287671 0.17803857886435331 0.8911888287671234 0.2031897492113565 0.9050053150684932 0.2537523690851735 0.7153066301369863 0.2577932050473186 0.6757516210045663 0.2959680930599369 0.5296233698630137 0.3513292239747634 0.4936871347031963 0.38104020662460564 0.4620903584474886 0.3748689716088328 0.45378558675799086 0.33942898738170346 0.4785491917808219 0.3218397413249211 0.48117345890410956 0.2935762003154574 0.5012786666666667 0.28217818454258675 0.5245053904109589
0 0.17736719716088328 0.4448126894977169 0.176824214511041 0.47154515525114155 0.1886037050473186 0.5025894794520548 0.1830754353312303 0.5290406803652968 0.13145211987381702 0.6997266301369862 0.09317095899053628 0.8445678356164383 0.11930782492113565 0.858925801369863 0.15378515615141958 0.729196397260274 0.16829955047318612 0.6388760753424657 0.197729809148265 0.5248041780821917 0.20723815299684545 0.5115974155251142 0.24108995110410097 0.5019340730593608 0.25843846845425866 0.4414300616438356 0.24080923028391168 0.41945894977168946 0.21206346372239748 0.41349717579908674 0.19170008517350157 0.42319819634703193 0.17736719716088328 0.4448126894977169
0 0.46623195268138795 1 0.5145946608832808 0.8168223721461186 0.5314409574132491 0.7179536917808219 0.5605897271293375 0.6110991803652969 0.616533832807571 0.5730258584474885 0.6438929164037855 0.5376797511415525 0.6432899432176656 0.5275191552511416 0.6353697839116719 0.5256256529680365 0.5934770757097793 0.5493018767123288 0.5611127113564669 0.5720690251141552 0.5491317208201894 0.5974328424657535 0.4756368296529968 0.8421108333333333 0.4347907003154574 1 0.46623195268138795 1
0 0.3540226025236593 0.5271121369863013 0.348494334384858 0.5535633378995434 0.3626457192429022 0.6006546780821918 0.357117452681388 0.6271058789954338 0.33321546056782336 0.7147265799086758 0.3145202555205047 0.758518089041096 0.2645103533123029 0.9386910410958904 0.2892532492113565 0.9522832511415524 0.33596882965299685 0.7850446461187215 0.373239261829653 0.623675497716895 0.37878752523659304 0.6095219840182647 0.39770346372239745 0.6113125319634704 0.42114246056782334 0.5996150525114156 0.442511047318612 0.5769508561643836 0.4535268233438486 0.589145591324201 0.4343086324921136 0.6719672557077626 0.405421356466877 0.7593066894977168 0.3453571167192429 0.9831032260273973 0.3698468848580442 0.9965563789954338 0.42745290694006305 0.7836961552511416 0.4559587082018927 0.6420856689497717 0.48104664668769714 0.5624884794520548 0.480705167192429 0.532812803652968 0.47230278233438483 0.5048523196347032 0.44379851261829656 0.4670777808219178 0.42313364826498423 0.47169850456621004 0.4099867066246057 0.501336502283105 0.37084813406940065 0.5056382808219179 0.3540226025236593 0.5271121369863013
0 0.6612542192429023 1 0.6824854416403785 0.9188804885844749 0.7351747223974764 0.6824319132420091 0.7383110993690852 0.6276360114155252 0.7326828470031546 0.5925987694063928 0.7163403044164038 0.550447095890411 0.6993140362776025 0.5386365844748858 0.6857048690851736 0.5545052876712329 0.6787091640378549 0.5801503698630137 0.6397313343848581 0.5931411438356164 0.6289162933753943 0.6142307808219177 0.6274888501577287 0.6380200388127855 0.6392683406940063 0.6690643630136986 0.635488998422713 0.6891042945205479 0.5996260141955836 0.814386497716895 0.5782974211356466 0.8616460684931507 0.540143141955836 1 0.5719206671924291 1 0.6038468201892745 0.8855106826484018 0.6137174085173501 0.8245847739726028 0.6510278328075709 0.687811 0.6584857634069401 0.675935210045662 0.6842966561514195 0.6802847465753424 0.7051022649842271 0.6720553287671233 0.7177262223974764 0.6814474863013699 0.7176054747634069 0.6973538698630136 0.6473269463722398 0.9364267077625571 0.6310778485804417 1 0.6612542192429023 1