0 0.315625 0.4216666666666667 0.240625 0.4116666666666667 0 0.4091666666666667 0.000625 0.4216666666666667 0.019375 0.42333333333333334 0.225625 0.43333333333333335 0.310625 0.42833333333333334 0.32125 0.43416666666666665 0.32125 0.42583333333333334 0.315625 0.4216666666666667
0 0.293125 0.3016666666666667 0.105625 0.11 0.095 0.11083333333333334 0.095 0.11916666666666667 0.118125 0.145 0.299375 0.33666666666666667 0.325625 0.35333333333333333 0.3625 0.39416666666666667 0.35875 0.3825 0.293125 0.3016666666666667
0 0.350625 0.5483333333333333 0.37375 0.5275 0.199375 0.6216666666666667 0.145625 0.6433333333333333 0.14 0.6408333333333334 0.239375 0.5666666666666667 0.255625 0.5633333333333334 0.278125 0.5433333333333333 0.36375 0.4925 0.346875 0.495 0.221875 0.5666666666666667 0.0525 0.6891666666666667 0.0625 0.6925 0.244375 0.6083333333333333 0.350625 0.5483333333333333
0 0.393125 0.635 0.400625 0.6316666666666667 0.404375 0.6366666666666667 0.405 0.6308333333333334 0.395625 0.6266666666666667 0.348125 0.6683333333333333 0.318125 0.685 0.125625 0.8433333333333334 0.11875 0.8508333333333333 0.12375 0.8575 0.294375 0.7283333333333334 0.393125 0.635
0 0.394375 0.795 0.4075 0.7825 0.41125 0.7525 0.399375 0.7316666666666667 0.379375 0.7283333333333334 0.36125 0.7441666666666666 0.3575 0.7658333333333334 0.36625 0.7908333333333334 0.33875 0.8675 0.3425 0.8725 0.37125 0.7975 0.394375 0.795
0 0.469375 0.81 0.475 0.8008333333333333 0.4725 0.7741666666666667 0.451875 0.75 0.441875 0.75 0.4325 0.7625 0.43375 0.7858333333333334 0.45 0.8108333333333333 0.395 0.9975 0.4075 1 0.455 0.8158333333333333 0.469375 0.81
0 0.524375 0.7533333333333333 0.52 0.7658333333333334 0.53375 0.8991666666666667 0.5525 0.9991666666666666 0.565 1 0.5475 0.8725 0.524375 0.7533333333333333
0 0.6525 0.8025 0.64875 0.7791666666666667 0.631875 0.7633333333333333 0.610625 0.7683333333333333 0.60125 0.7908333333333334 0.605 0.8108333333333333 0.616875 0.825 0.6375 0.8308333333333333 0.6625 0.9108333333333334 0.66875 0.9108333333333334 0.64 0.8275 0.6525 0.8025
0 0.8325 0.9258333333333333 0.765 0.7958333333333333 0.685 0.6691666666666667 0.6625 0.6441666666666667 0.695 0.7058333333333333 0.77875 0.8375 0.79875 0.8741666666666666 0.795625 0.88 0.785625 0.875 0.72125 0.7891666666666667 0.71625 0.7791666666666667 0.72125 0.7708333333333334 0.719375 0.7633333333333333 0.705625 0.765 0.635625 0.675 0.65375 0.7091666666666666 0.76375 0.8641666666666666 0.86875 0.9908333333333333 0.8675 0.9808333333333333 0.8325 0.9258333333333333
0 1 0.7775 0.991875 0.7716666666666666 0.773125 0.66 0.725625 0.6433333333333333 0.709375 0.6433333333333333 0.70125 0.6291666666666667 0.7025 0.6191666666666666 0.69625 0.6241666666666666 0.70125 0.6441666666666667 0.706875 0.6483333333333333 0.731875 0.6533333333333333 0.790625 0.6916666666666667 0.975625 0.78 1 0.7858333333333334 1 0.7775
0 1 0.6841666666666667 0.989375 0.6766666666666666 0.755625 0.5466666666666666 0.749375 0.5216666666666666 0.729375 0.5233333333333333 0.71375 0.5441666666666667 0.716875 0.5666666666666667 0.734375 0.5666666666666667 0.754375 0.5533333333333333 0.830625 0.605 1 0.7025 1 0.6841666666666667
0 0.828125 0.47833333333333333 0.985625 0.465 0.999375 0.4633333333333333 1 0.4508333333333333 0.801875 0.46 0.750625 0.4766666666666667 0.735 0.4708333333333333 0.744375 0.4816666666666667 0.75125 0.48083333333333333 0.768125 0.475 0.828125 0.47833333333333333
0 0.773125 0.35333333333333333 0.998125 0.3 1 0.28583333333333333 0.771875 0.335 0.704375 0.35833333333333334 0.69 0.37083333333333335 0.69375 0.3725 0.723125 0.35833333333333334 0.773125 0.35333333333333333
0 0.723125 0.25166666666666665 0.943125 0.09333333333333334 0.9525 0.07916666666666666 0.946875 0.07666666666666666 0.741875 0.21666666666666667 0.674375 0.27166666666666667 0.654375 0.27666666666666667 0.6425 0.2975 0.645 0.30416666666666664 0.655625 0.2833333333333333 0.723125 0.25166666666666665
0 0.59875 0.25583333333333336 0.63625 0.18583333333333332 0.709375 0 0.695 0.004166666666666667 0.62375 0.16916666666666666 0.61125 0.21583333333333332 0.59 0.2675 0.59 0.2758333333333333 0.59875 0.2841666666666667 0.595 0.2758333333333333 0.59875 0.25583333333333336
0 0.525 0.2625 0.51875 0.24083333333333334 0.51875 0.19416666666666665 0.52625 0.1325 0.52625 0.0008333333333333334 0.514375 0 0.50875 0.1375 0.5125 0.23916666666666667 0.52 0.26916666666666667 0.53125 0.2758333333333333 0.53375 0.2725 0.525 0.2625
0 0.39875 0.0025 0.389375 0 0.40625 0.18083333333333335 0.415 0.2125 0.42 0.2758333333333333 0.425 0.28583333333333333 0.4125 0.1075 0.39875 0.0025
0 0.40875 0.2941666666666667 0.41 0.27416666666666667 0.3975 0.2425 0.3825 0.15083333333333335 0.3475 0.004166666666666667 0.335625 0 0.37125 0.18083333333333335 0.40375 0.2791666666666667 0.39375 0.3025 0.3975 0.31083333333333335 0.3975 0.30083333333333334 0.40875 0.2941666666666667
0 0.25375 0.11583333333333333 0.24625 0.09583333333333334 0.250625 0.085 0.32 0.18916666666666668 0.32 0.20583333333333334 0.335 0.2125 0.395625 0.31166666666666665 0.40625 0.2941666666666667 0.39125 0.29083333333333333 0.33375 0.19083333333333333 0.25625 0.07416666666666667 0.204375 0.0016666666666666668 0.193125 0 0.21 0.034166666666666665 0.225 0.08416666666666667 0.26 0.1575 0.30875 0.24583333333333332 0.37 0.3408333333333333 0.3575 0.3075 0.25375 0.11583333333333333