0 0.7824254108280255 0 0.7743158152866242 0.07088229587155963 0.7784294251592356 0.08155705275229358 0.7915519092356689 0.07191287844036698 0.8013212627388535 0 0.7824254108280255 0
0 0.6894629888535032 0 0.6838052181528663 0.08053429587155962 0.6957093885350318 0.08008731422018349 0.7028027356687898 0.05038380963302753 0.7095350238853503 0 0.6894629888535032 0
0 0.5066473566878981 0 0.50010524522293 0.05448667889908257 0.5070481146496816 0.0676481123853211 0.518299101910828 0.06020954587155963 0.526661449044586 0 0.5066473566878981 0
0 0.5965067022292994 0 0.5872875015923567 0.07592205504587156 0.5923588742038216 0.09128909862385322 0.6001934601910828 0.09175754587155963 0.6082665828025478 0.07254141972477064 0.6177953328025477 0 0.5965067022292994 0
0 0.23298274363057325 0 0.22720104299363056 0.052074229357798166 0.23161923248407643 0.06044968807339449 0.24415457165605095 0.06119920183486239 0.25100938535031847 0.05118027064220183 0.25803840127388533 0 0.23298274363057325 0
0 0.4104081576433121 0 0.4054810382165605 0.053463919724770645 0.41177072133757964 0.059633768348623856 0.42772246019108284 0.05247627064220183 0.43661589490445857 0 0.4104081576433121 0
0 0.3202122929936306 0 0.31734102070063697 0.027336254587155964 0.3221078168789809 0.04500259633027523 0.3362100732484076 0.0458458004587156 0.3430648869426752 0.03582686697247706 0.3486805 0 0.3202122929936306 0
0 0.2840171799363057 0.4100504311926606 0.2567776624203822 0.5799174701834863 0.21169498566878978 0.9306421766055046 0.23873923726114651 0.9322592087155963 0.28036948089171976 0.6045031766055046 0.27927963535031847 0.5650403417431192 0.2984240159235669 0.40859433486238533 0.34895439331210193 0.34904287844036697 0.37448013216560505 0.30537766743119266 0.36725470063694265 0.300310623853211 0.335134699044586 0.3401052844036697 0.31794263535031847 0.35066488532110096 0.2923728678343949 0.38273991284403674 0.2840171799363057 0.4100504311926606
0 0.1692395652866242 0.3823300481651376 0.17215687898089171 0.40799709174311927 0.18791410987261145 0.4321143509174312 0.1858260923566879 0.459799626146789 0.15645452866242038 0.6457617568807339 0.12150425636942674 0.9252494862385321 0.1492547213375796 0.926908743119266 0.18252700000000002 0.663543254587156 0.18530860987261147 0.5710091674311927 0.19988432324840763 0.4490526467889909 0.2076528678343949 0.4321358165137615 0.2401434888535032 0.4074271330275229 0.2496074187898089 0.3419439633027523 0.2291934617834395 0.32913581880733944 0.19977063375796178 0.33664660779816513 0.18072908757961784 0.3552069105504587 0.1692395652866242 0.3823300481651376
0 0.5975035222929936 0.29090257798165137 0.5681907659235669 0.3273888233944954 0.5595305 0.3569986399082569 0.5179317914012739 0.6233425389908257 0.48014973407643313 0.9378377798165137 0.5094379299363058 0.9343941857798166 0.5534902054140127 0.5814359587155964 0.5574901289808917 0.4797046766055046 0.5727190238853503 0.36473974082568805 0.6235539792993631 0.3028889839449541 0.6462504601910828 0.25673709862385324 0.6443349378980892 0.2473525229357798 0.6361957722929936 0.24918337614678898 0.5975035222929936 0.29090257798165137
0 0.3559633025477707 0.3795895871559633 0.3538752850318471 0.4072748623853211 0.37407271974522294 0.4455626697247706 0.37198470222929936 0.4732479449541285 0.3594970079617834 0.5675191926605504 0.346528622611465 0.617729009174312 0.3030346146496815 0.9361035596330275 0.3292663407643312 0.9376720114678899 0.37133875477707007 0.6331175183486238 0.38760984872611465 0.4625946536697248 0.3913088121019108 0.44659325 0.4103943869426751 0.43962313073394493 0.43224317675159235 0.4177544151376147 0.450609525477707 0.38640743577981657 0.46316688057324845 0.39295204128440364 0.45472675477707003 0.4805127729357798 0.43723372929936305 0.576802254587156 0.39034559554140125 0.9413240665137614 0.4162546910828025 0.9428732224770642 0.4623484378980892 0.5898914633027523 0.47243991878980895 0.4421742064220184 0.48714771496815285 0.3549882339449541 0.48296806210191084 0.3269282018348624 0.47097583598726117 0.30419481651376146 0.4376779347133758 0.2813462729357798 0.4176786242038216 0.2952142912844037 0.408409203821656 0.3294227041284404 0.36995549044585985 0.35145733256880735 0.3559633025477707 0.3795895871559633
0 0.6864472022292993 0.2811568899082569 0.6492778439490446 0.3113795986238532 0.641226734076433 0.33639081422018347 0.6428817070063695 0.359664871559633 0.6586389378980891 0.38378213073394496 0.6574646560509554 0.40456950688073395 0.6379276401273886 0.5401344449541284 0.6227831831210191 0.5948491697247706 0.5780138885350319 0.9263312912844037 0.607673275477707 0.9228440550458715 0.651336305732484 0.6058264610091743 0.6532922372611465 0.5433706376146789 0.672785224522293 0.3962155160550459 0.6786822738853503 0.3815042958715596 0.7049712675159235 0.373806130733945 0.724643984076433 0.3564423233944954 0.7384416640127388 0.35958482339449543 0.7403792006369427 0.3747644885321101 0.7012611433121019 0.6343041788990825 0.6682229219745224 0.915724862385321 0.6958474872611465 0.9124768715596331 0.7340343280254777 0.6015011055045871 0.7559603200636943 0.3525210137614679 0.7519971894904458 0.2989813188073394 0.7418544442675159 0.26824723394495414 0.7201121066878982 0.2356608256880734 0.7016136751592357 0.23223725688073393 0.6901021369426752 0.2535653027522936 0.6864472022292993 0.2811568899082569