0 0.1425 0.8291666666666667 0.2 0.7008333333333333 0.199375 0.675 0.19625 0.6741666666666667 0.1925 0.7025 0.1675 0.7558333333333334 0.105 0.8625 0.04625 0.9925 0.046875 1 0.07125 0.9991666666666666 0.1375 0.8591666666666666 0.1425 0.8291666666666667
0 0.2725 0.6758333333333333 0.304375 0.66 0.309375 0.6516666666666666 0.284375 0.6583333333333333 0.2675 0.6708333333333333 0.2625 0.7008333333333333 0.2425 0.7475 0.21125 0.7908333333333334 0.11375 0.9958333333333333 0.13875 0.9991666666666666 0.2325 0.8108333333333333 0.2725 0.6758333333333333
0 0.31 0.7891666666666667 0.32125 0.7491666666666666 0.35875 0.6708333333333333 0.396875 0.6166666666666667 0.384375 0.6166666666666667 0.375 0.6258333333333334 0.31625 0.7308333333333333 0.28875 0.7658333333333334 0.16875 0.9975 0.19375 0.9991666666666666 0.295 0.8191666666666667 0.31 0.7891666666666667
0 0.40125 0.7608333333333334 0.40625 0.7308333333333333 0.43 0.6708333333333333 0.46 0.6325 0.451875 0.585 0.45375 0.6275 0.4225 0.6641666666666667 0.39875 0.7141666666666666 0.37625 0.7458333333333333 0.27375 0.9925 0.274375 1 0.2975 0.9991666666666666 0.38625 0.8008333333333333 0.40125 0.7608333333333334
0 0.59875 0.6391666666666667 0.625 0.5408333333333334 0.636875 0.5166666666666667 0.629375 0.5166666666666667 0.6225 0.5258333333333334 0.595 0.6141666666666666 0.5725 0.6608333333333334 0.5325 0.7958333333333333 0.48125 0.9908333333333333 0.481875 1 0.50125 0.9991666666666666 0.59375 0.6925 0.59875 0.6391666666666667
0 0.645 0.7258333333333333 0.65625 0.6675 0.65875 0.6075 0.6725 0.5408333333333334 0.6975 0.4925 0.715625 0.485 0.715625 0.48 0.694375 0.4816666666666667 0.6675 0.5291666666666667 0.6425 0.6258333333333334 0.6275 0.6641666666666667 0.565 0.9908333333333333 0.566875 1 0.5825 0.9991666666666666 0.60875 0.9025 0.645 0.7258333333333333
0 0.49875 0.7025 0.50125 0.6741666666666667 0.51625 0.6225 0.5175 0.5708333333333333 0.533125 0.5516666666666666 0.556875 0.5533333333333333 0.55875 0.5491666666666667 0.549375 0.5383333333333333 0.520625 0.5416666666666666 0.50875 0.5625 0.50125 0.6275 0.4725 0.6891666666666667 0.45375 0.7441666666666666 0.3775 0.9941666666666666 0.378125 1 0.39875 0.9991666666666666 0.40625 0.9875 0.49875 0.7025
0 0.81875 0.5375 0.82 0.4825 0.84125 0.3925 0.839375 0.37166666666666665 0.8125 0.4725 0.78625 0.5441666666666667 0.7325 0.8108333333333333 0.69125 0.9841666666666666 0.690625 0.9966666666666667 0.7075 0.9991666666666666 0.71875 0.9691666666666666 0.81875 0.5375
0 0.72625 0.6275 0.735 0.5858333333333333 0.73875 0.5241666666666667 0.745 0.5025 0.76625 0.4691666666666667 0.7675 0.4558333333333333 0.754375 0.41333333333333333 0.7525 0.43083333333333335 0.75875 0.4608333333333333 0.7375 0.4925 0.70625 0.5725 0.615 0.9641666666666666 0.61 0.9991666666666666 0.62875 0.9991666666666666 0.6375 0.9791666666666666 0.72625 0.6275
0 0.9475 0.6441666666666667 0.955 0.6225 0.97 0.5141666666666667 0.97 0.4375 0.9775 0.3625 0.97375 0.32416666666666666 0.976875 0.31666666666666665 0.9925 0.31416666666666665 0.981875 0.31 0.9725 0.31583333333333335 0.97125 0.37083333333333335 0.94125 0.4875 0.925 0.6091666666666666 0.925 0.6441666666666667 0.87875 0.9725 0.87625 0.9941666666666666 0.89625 0.9991666666666666 0.90375 0.9775 0.9475 0.6441666666666667
0 0.9 0.5691666666666667 0.9175 0.4091666666666667 0.925 0.3858333333333333 0.941875 0.36 0.96625 0.3575 0.959375 0.35 0.940625 0.35 0.91625 0.3858333333333333 0.88375 0.49083333333333334 0.79625 0.9691666666666666 0.7975 0.9975 0.8125 0.9991666666666666 0.81875 0.9858333333333333 0.9 0.5691666666666667