0 0.2035929252873563 0.2713563735632184 0.18786549137931033 0.25572066666666665 0.1822383864942529 0.2758177796934866 0.24315864942528734 0.35982716475095783 0.26706434770114945 0.38359343486590036 0.2388919238505747 0.3348543563218391 0.23543571264367816 0.3184757662835249 0.21064811350574714 0.2921147030651341 0.2035929252873563 0.2713563735632184
0 0.8797916135057472 0.7831354348659004 0.8856467327586207 0.7622239674329503 0.753159283045977 0.6868030651340996 0.7417072442528736 0.6903647318007663 0.7461524295977011 0.7003389770114943 0.8797916135057472 0.7831354348659004
0 0.2637256192528736 0.28062808429118774 0.24206035919540228 0.2603490785440613 0.23316998706896552 0.240400591954023 0.2016638175287356 0.20644016666666667 0.19480344683908046 0.23094186973180075 0.20633305316091957 0.23284765325670498 0.292160533045977 0.3456631245210728 0.2954256379310345 0.33974632950191574 0.26854036925287356 0.29789915134099615 0.2637256192528736 0.28062808429118774
0 0.6971170933908045 0.8323843026819924 0.7002037385057471 0.8414660727969349 0.716720375 0.8341774770114943 0.7616235890804598 0.8576296839080461 0.814797764367816 0.9147315459770115 0.8379137025862069 0.9327017222222223 0.8444938290229885 0.9092009061302682 0.7762336594827587 0.8571503582375478 0.7478470818965518 0.8264095574712643 0.7091885431034484 0.8151214655172414 0.6971170933908045 0.8323843026819924
0 0.17380394827586207 0.43519200574712646 0.14276015086206897 0.416813662835249 0.13571266522988504 0.4419836455938697 0.15850308477011493 0.45537192720306513 0.1998787025862069 0.4684449674329502 0.24885753735632185 0.4945745938697318 0.25531636781609196 0.4887404291187739 0.21856439511494255 0.4706430651340996 0.17380394827586207 0.43519200574712646
0 0.7609513649425288 0.6072734655172414 0.7593303362068966 0.5900850325670498 0.7514772744252873 0.5980264367816092 0.7570668491379311 0.6268914329501916 0.7710575086206897 0.6401132796934866 0.8139344353448277 0.6420799406130269 0.867870790229885 0.6734817796934865 0.9065595545977012 0.687534162835249 0.9137895014367815 0.6617125229885057 0.8155071293103449 0.6249741360153256 0.7767058232758621 0.6256848946360153 0.7609513649425288 0.6072734655172414
0 0.6901347356321839 0.2685126302681992 0.677609691091954 0.24718412068965517 0.6792537686781609 0.22407888888888888 0.7078335186781609 0.149135969348659 0.6908422959770115 0.13797382567049807 0.6715791681034483 0.21702172796934865 0.673760867816092 0.2638023716475096 0.6868696278735632 0.2744294272030651 0.6901347356321839 0.2685126302681992
0 0.7106909727011494 1 0.6756808692528736 0.9462825440613027 0.6672671379310345 0.9246317413793103 0.6508575775862069 0.9229211954022988 0.6493919626436782 0.9310278620689655 0.6625721077586207 0.935655490421456 0.6897912500000001 0.9877992049808428 0.694375349137931 1 0.7106909727011494 1
0 0.15426388649425288 0.6198685977011494 0.17056636925287355 0.6305782835249042 0.19438804166666665 0.6230500268199234 0.20572036063218394 0.5911935440613026 0.2050169224137931 0.5736001877394636 0.1933737787356322 0.5548664674329501 0.1729956738505747 0.5414793601532567 0.1542029066091954 0.5482804042145595 0.13424270402298852 0.5764843620689656 0.09952103735632184 0.5712414674329501 0.09686400718390804 0.5807310076628353 0.13321803591954023 0.5858884214559387 0.15426388649425288 0.6198685977011494
0 0.3267263275862069 0.08721669923371647 0.34176694252873563 0.1656223908045977 0.319053966954023 0.1950411111111111 0.3141447816091954 0.2240631398467433 0.31888814942528737 0.24733363218390805 0.3305312945402299 0.26606735057471265 0.358250125 0.2762150823754789 0.37527909626436784 0.2642244578544061 0.38429959195402297 0.2348801379310345 0.38098615086206894 0.20650269348659003 0.35630562787356324 0.17114249042145596 0.3386907011494253 0.078953 0.32752419683908046 0.05851696168582375 0.3267263275862069 0.08721669923371647
0 0.7151617729885057 0.35146332183908047 0.7694424066091955 0.3155740766283525 0.8056693994252874 0.3010795172413793 0.8682356623563218 0.254509877394636 0.8410018577586208 0.23661901532567048 0.7955632571839081 0.26823970689655174 0.7525918965517241 0.3125661360153257 0.7213224224137932 0.3323329061302682 0.7151617729885057 0.35146332183908047
0 0.6101052112068965 1 0.6009150560344827 0.9777838237547893 0.596255716954023 0.985807858237548 0.6048998405172413 1 0.6101052112068965 1
0 0.3133960402298851 0.9390526034482758 0.312171625 0.9412714022988506 0.3385256882183908 0.9585843314176244 0.3439390287356322 0.9419861436781609 0.3390402485632184 0.8934205517241379 0.32644382040229886 0.8780914655172414 0.3148490129310345 0.8936519865900383 0.3133960402298851 0.9390526034482758
0 0.46393889655172416 0.1773565440613027 0.48710770545977017 0.30141074521072797 0.4837712140804598 0.3133269655172414 0.49052822413793107 0.32078904980842915 0.4970584367816092 0.3089554559386973 0.4855811091954023 0.23792921647509577 0.48345815086206895 0.14785519157088123 0.47070655459770117 0.05123125287356322 0.44946969540229886 0.04891985249042145 0.46393889655172416 0.1773565440613027
0 0.7890248793103449 0.47254249042145596 0.7555380129310345 0.4485283314176245 0.734611882183908 0.442842969348659 0.7175829123563219 0.4548335938697318 0.7145802945402299 0.47704635249042143 0.7324681149425287 0.507944183908046 0.772008551724138 0.521827070881226 0.7844138749999999 0.5148607681992337 0.7925167801724138 0.4859213697318008 0.9899932859195403 0.3895519291187739 0.9996322212643678 0.35512663026819924 0.94485991954023 0.3784106666666667 0.7890248793103449 0.47254249042145596
0 0.5665410215517241 0.06941623563218391 0.5659049741379311 0.06159255747126436 0.5523912902298851 0.06012174137931034 0.5536947485632184 0.0750851417624521 0.5925719181034482 0.2981381053639847 0.6055379109195402 0.3207640134099617 0.5665410215517241 0.06941623563218391
0 0.6363307442528735 0.3026995593869732 0.6447801666666667 0.32135064942528735 0.647568632183908 0.3171361704980843 0.6084606063218391 0.08385434865900383 0.5905550502873563 0.0720915478927203 0.5937118275862069 0.08726571072796935 0.5863711005747126 0.09050508620689654 0.606249514367816 0.14588817624521072 0.6363307442528735 0.3026995593869732
0 0.11150891810344828 0.7610783218390805 0.09472979310344827 0.7520709559386972 0.09638651436781609 0.7662596781609196 0.08581637356321839 0.7724161379310346 0.07685461637931035 0.7584670766283524 0.0758656422413793 0.7648714252873563 0.07043147988505748 0.7613015287356322 0.0670592974137931 0.7762174655172414 0.061879443965517235 0.7768455153256705 0.07586826867816092 0.7860352739463601 0.11441710344827587 0.7851586590038314 0.21826028735632186 0.7646975842911877 0.2520326896551724 0.7647140383141762 0.2795604181034483 0.7525663812260537 0.22581516666666668 0.7434599291187739 0.17864846551724137 0.7568141245210729 0.1641097816091954 0.7512940229885058 0.14663986206896554 0.7619872528735632 0.13353109913793104 0.7513601973180076 0.1292770172413793 0.7636813429118774 0.11415461494252874 0.7688626954022988 0.11150891810344828 0.7610783218390805
0 0.06183928879310345 0.7546492911877395 0.0756388448275862 0.7455757509578544 0.08562526867816092 0.7501207490421457 0.09028460632183907 0.7420967126436782 0.1173 0.7346510862068966 0.13693897557471266 0.7334445478927203 0.1495710948275862 0.7457739195402299 0.1525380186781609 0.7265608754789271 0.2638646997126437 0.6908615727969349 0.23427499425287357 0.6845234003831417 0.060837669540229886 0.7237596858237547 0.056295110632183905 0.7256221704980843 0.04765825287356322 0.7564685689655173 0.06183928879310345 0.7546492911877395