0 0.5928749519230769 0.15757292788461538 0.5023742387820512 0.4615272644230769 0.5097613493589743 0.4571916153846154 0.5558683461538462 0.34773474278846156 0.6251497996794873 0.1271573221153846 0.6362404983974359 0.07790378605769231 0.6239034455128205 0.0763931875 0.5928749519230769 0.15757292788461538
0 0.4319923958333334 0.5263029783653846 0.470457828525641 0.5636983677884616 0.47901220512820514 0.55659165625 0.4755187676282051 0.5450832403846154 0.4428771233974359 0.5235649447115385 0.3585633253205128 0.4431990168269231 0.21284737339743592 0.33368482451923076 0.1584529935897436 0.27799940144230767 0.1429075608974359 0.2720000793269231 0.13765486538461538 0.2844698485576923 0.3480579342948718 0.4681385576923077 0.4319923958333334 0.5263029783653846
0 0.5808522163461538 0.0937064375 0.5858108862179487 0.07172898557692307 0.5661232403846154 0.06931835336538462 0.5657028397435898 0.07026543028846154 0.4975928333333333 0.2781609903846154 0.47422661858974363 0.38313618269230765 0.45303661698717945 0.39713751201923075 0.4549750929487179 0.40903707692307695 0.48160954967948716 0.3887113293269231 0.4874542371794872 0.35503443028846154 0.5808522163461538 0.0937064375
0 0.46415020993589745 0.7733897115384616 0.6494988621794872 0.917528233173077 0.6941883205128205 0.9434482355769231 0.6980778125 0.9375149687500001 0.697498358974359 0.9289896995192308 0.6467933541666667 0.88104725 0.4668849759615385 0.7404951105769231 0.4501722788461539 0.7372668485576923 0.41735559615384615 0.6699600048076924 0.3792736778846154 0.6448553245192308 0.4146291907051282 0.6830330096153846 0.4363735673076923 0.7370217307692308 0.46415020993589745 0.7733897115384616
0 0.4478001298076923 0.8320061466346154 0.6603501522435897 0.9940765841346154 0.6774505448717948 0.9996847572115384 0.6805646458333333 0.9889916658653846 0.6378262051282052 0.9452388341346154 0.5169812708333333 0.8492878774038461 0.45208985737179486 0.7987204014423077 0.43382219871794875 0.7958832836538462 0.4002301266025641 0.7238166153846154 0.35087996474358973 0.6891592572115385 0.3971160240384615 0.7345097067307692 0.4200234871794872 0.7956381682692307 0.4478001298076923 0.8320061466346154
0 0.4192506955128205 0.32388088942307697 0.45971730128205124 0.22451387259615385 0.4900829294871795 0.1128231201923077 0.5102732483974359 0.06247986057692308 0.49561658974358974 0.06068524278846154 0.4161574919871795 0.2850199903846154 0.4103002644230769 0.34842928125 0.3997948733974359 0.3733688221153846 0.3842410817307692 0.38719109615384617 0.3892894807692308 0.3983083629807692 0.4005619038461538 0.39795024278846153 0.41767901602564106 0.3639152283653846 0.4192506955128205 0.32388088942307697
0 0.43829991826923076 0.06143568509615385 0.42743320512820515 0.0641691875 0.41156366346153844 0.11770987019230769 0.3699297916666667 0.2198479471153846 0.3461800625 0.3125324254807692 0.3271161153846154 0.35448947596153846 0.3341029903846154 0.3775063052884615 0.34654685897435894 0.3644663269230769 0.3590158060897436 0.2919615625 0.41699139903846155 0.15102864903846153 0.4349047996794872 0.07219946875 0.43829991826923076 0.06143568509615385
0 0.38409002403846154 0.07507207932692307 0.36448147115384616 0.08000457451923076 0.3334111955128205 0.17453052403846153 0.32172599839743593 0.23197351682692308 0.3232684198717949 0.26131476442307694 0.28749595512820514 0.2901327524038461 0.29954376923076925 0.2945344567307692 0.3287086939102564 0.2649011490384615 0.32755396794871794 0.23793981490384614 0.3361208830128205 0.2011007115384615 0.3688043237179487 0.12351102884615385 0.38409002403846154 0.07507207932692307
0 0.2564510689102564 0.16911532932692308 0.23388114583333333 0.22929635576923074 0.23931723878205127 0.2427935360576923 0.24825931089743591 0.2380667403846154 0.29767216826923076 0.12406212740384616 0.30773259775641026 0.09427964423076923 0.2747479855769231 0.10257686057692307 0.26385489903846154 0.12513648798076923 0.2564510689102564 0.16911532932692308
0 0.6167251217948718 1 0.5344380096153847 0.9316069495192308 0.48003109134615385 0.9056539206730769 0.366181391025641 0.8128981995192308 0.3584149455128205 0.7950323413461539 0.3712590480769231 0.7546398822115384 0.34328228846153847 0.7319481442307693 0.3323933798076923 0.7445969735576923 0.3028156810897436 0.8313151586538462 0.30708450961538464 0.8475833966346153 0.3342858798076923 0.8655153125 0.34907681891025644 0.8172008197115385 0.38831764423076925 0.8593560360576924 0.47341519070512816 0.9246601923076923 0.514206796474359 0.9763350576923078 0.5425775256410257 1 0.6167251217948718 1
0 0.4192574006410257 1 0.4003153012820513 0.9826873149038462 0.37466471153846154 0.9742750504807692 0.3401013108974359 0.9012140024038462 0.2888084935897436 0.8645678798076923 0.2981299006410257 0.8820425889423077 0.33465685737179485 0.9075384158653846 0.36183732852564104 0.9750243197115385 0.38208511538461537 1 0.4192574006410257 1
0 0.3472186025641026 1 0.32453498076923076 0.9447686658653847 0.2872326330128205 0.9145130144230769 0.27479294391025644 0.9176421971153845 0.2848897419871795 0.9398767307692307 0.32413892628205127 0.9622103509615385 0.33816895192307694 1 0.3472186025641026 1