0 0 0.47825879820051415 0.16169683219178083 0.4689213997429306 0.282319397260274 0.4550208663239075 0.29350859075342467 0.4618356041131106 0.29892102054794517 0.4568677442159383 0.28850503424657536 0.4493433123393316 0.14923381506849315 0.45188595115681235 0 0.4626176156812339 0 0.47825879820051415
0 0.28084840753424656 0.7197625989717225 0.3611942020547945 0.6730673650385604 0.4340805359589041 0.6218289730077121 0.4463384537671233 0.6233915539845758 0.44631551712328765 0.6162939138817481 0.4332843955479452 0.6154410269922879 0.3822070205479452 0.6480855706940875 0.33790632191780823 0.6659676362467867 0.25478616438356166 0.718056825192802 0.045313874999999997 0.8348651131105398 0.03310183047945205 0.8474978110539846 0.04040206506849315 0.8507633791773779 0.05511588698630137 0.8443768290488431 0.28084840753424656 0.7197625989717225
0 0 0.6856047609254499 0.00018954623287671234 0.6871256118251927 0.019065501712328767 0.6795664562982006 0.18453393321917808 0.6245036568123393 0.3419059914383562 0.5597873444730077 0.3911414383561644 0.5331046516709512 0.37997518150684934 0.5333875539845758 0.16870551369863013 0.621947084832905 0.08442488869863014 0.6508978727506427 0.06814172089041096 0.6516061735218509 0.09056465239726028 0.6310250398457583 0.12185716609589041 0.6193877275064267 0.13593407534246574 0.6078908200514138 0.1978821883561644 0.5795058367609255 0.21664420034246576 0.5779460424164524 0.21910010616438358 0.5699969087403599 0.35013733390410956 0.5152149228791774 0.37010436301369865 0.5025829215938303 0.2966715376712329 0.5286956298200514 0.14628125684931506 0.5941223341902313 0 0.6715924807197944 0 0.6856047609254499
0 0.469765272260274 0.721483003856041 0.4497065017123288 0.7057244473007712 0.41698093493150684 0.7058634601542417 0.39237467979452056 0.7227536259640103 0.39167028424657535 0.7447562377892031 0.40583893835616436 0.7616498868894602 0.3725695256849315 0.8334749858611825 0.3818709178082192 0.832056293059126 0.41561801369863016 0.7640639614395888 0.4480251215753425 0.7613697712082262 0.469379330479452 0.7460407943444731 0.469765272260274 0.721483003856041
0 0.5463839811643835 0.7693279601542417 0.5656007397260274 0.7645032930591259 0.5737875342465754 0.7541414794344473 0.5658045171232877 0.7315702750642673 0.5317821917808219 0.7143909383033419 0.511633 0.7186477095115682 0.5049926147260274 0.7275901362467866 0.5095643561643836 0.7504449383033419 0.5361501558219178 0.7701787570694087 0.4960277773972603 0.8800075526992288 0.512615272260274 0.8786285385604112 0.5463839811643835 0.7693279601542417
0 0.6498584280821917 0.7284548663239074 0.6463783476027397 0.7074455475578406 0.6395787345890411 0.7151103856041131 0.6417849914383562 0.7258989910025707 0.6583650034246575 0.7690541143958869 0.6646882551369863 0.8059623958868894 0.6890691198630137 0.8633134948586119 0.6893668955479452 0.8639341516709511 0.7142216010273973 0.8618678354755784 0.6874525787671233 0.7950340796915167 0.6498584280821917 0.7284548663239074
0 0.8376377602739726 0.7141345089974293 0.816510265410959 0.7036281079691518 0.7875144315068493 0.7060386992287917 0.7777582910958905 0.7107222647814909 0.7694122688356164 0.7198064897172237 0.7667971352739726 0.7264780334190232 0.7693218493150684 0.7398218174807197 0.772756058219178 0.7466358573264782 0.7887666438356165 0.7575676568123394 0.8045950633561644 0.7601242287917739 0.8216514349315069 0.7587062339331619 0.8263135993150684 0.7615457069408741 0.8662044280821918 0.8188981992287918 0.8722767089041096 0.8261383341902314 0.8801909178082191 0.8274166195372751 0.8825105325342466 0.8252875372750643 0.877984660958904 0.8166280128534704 0.8311120547945205 0.7585651311053985 0.8306343715753424 0.7547323637532134 0.8414592363013699 0.7447966439588688 0.845461551369863 0.7354281233933162 0.8438692688356164 0.7226522326478149 0.8376377602739726 0.7141345089974293
0 0.9463883493150684 0.6741136053984575 0.9656509794520547 0.6834842159383033 0.9657872722602739 0.6776641670951157 0.9600334469178082 0.672979208226221 0.8809129623287671 0.6188881053984576 0.8767055462328767 0.6127837596401028 0.8515298647260273 0.5974506015424165 0.8481185890410959 0.5977342017994859 0.8484370445205479 0.6002893791773779 0.8813906455479451 0.6227208740359897 0.8971057089041096 0.6381951336760925 0.9421809349315068 0.6680092596401027 0.9463883493150684 0.6741136053984575
0 0.9721227089041096 0.7279105372750643 0.9402944554794521 0.7081817159383034 0.9461387003424657 0.6928513444730078 0.9315841061643836 0.7005154845758355 0.9261487380136986 0.6983857056555269 0.8119142636986302 0.6252697814910025 0.8110047671232876 0.6317995257069409 0.9716622996575343 0.7397880938303342 0.9721227089041096 0.7279105372750643
0 0.9321023715753426 0.5249199897172236 0.9746974315068493 0.5071797223650386 0.980615808219178 0.5088062506426736 0.9809117568493152 0.5011713881748072 0.9773125667808219 0.5005081799485861 0.9732414434931508 0.4885837827763496 0.9609605907534245 0.47992356298200517 0.9257791198630136 0.4880117082262211 0.912793868150685 0.5013541002570694 0.9105201267123287 0.5176784614395887 0.918298044520548 0.52477679562982 0.9321023715753426 0.5249199897172236
0 0.9076271181506849 0.3423665655526993 0.962606390410959 0.3341158316195373 0.9610294229452054 0.321462794344473 0.8870002431506849 0.34279056940874036 0.862371051369863 0.35258309640102825 0.8630079640410959 0.3576934524421594 0.9076271181506849 0.3423665655526993
0 0.9465277397260274 0.20510651542416453 0.9310931952054794 0.21262386632390745 0.8233438476027397 0.27450558226221083 0.7931200599315069 0.28089073907455014 0.7775426130136986 0.30800231362467867 0.7849791369863014 0.3054478329048843 0.7937569726027398 0.2860010964010283 0.815771029109589 0.28288011311053984 0.8831545102739726 0.2566249100257069 0.9487627859589041 0.2230397146529563 0.9465277397260274 0.20510651542416453
0 0.694033868150685 0.2878375231362468 0.7058370376712328 0.2926649768637532 0.7008334828767123 0.2801726850899743 0.7091565684931508 0.2639908200514139 0.7636668321917808 0.18975443444730078 0.8120194794520548 0.09989463367609254 0.7891385650684931 0.1017968560411311 0.7645979417808219 0.1419164434447301 0.6989227448630138 0.264841618251928 0.694033868150685 0.2878375231362468
0 0.5574210102739726 0.20109212467866322 0.5714317585616437 0.2651140706940874 0.5848501455479452 0.2898150526992288 0.6037943202054794 0.29663048714652956 0.6076603424657535 0.2930820154241645 0.593059875 0.2865508778920309 0.5802784023972603 0.26696025064267354 0.5759333732876712 0.21827006940874036 0.5817546815068493 0.19584205912596403 0.5727526352739727 0.11978627249357326 0.5520595136986302 0.1215066118251928 0.5574210102739726 0.20109212467866322
0 0.42051527739726025 0.21570095758354757 0.39240502397260274 0.13477961568123395 0.3716578407534247 0.13650444858611827 0.39711403938356166 0.22151891902313625 0.4191064828767123 0.25970618251928024 0.4321389280821918 0.30896495372750643 0.44255491609589037 0.3164893856041131 0.42051527739726025 0.21570095758354757
0 0.3487651541095891 0.23457422750642673 0.40889691952054796 0.3160605038560411 0.39716255650684934 0.33252596658097683 0.4100344503424657 0.332101264781491 0.4199268818493151 0.3215976503856041 0.4189715136986301 0.313932118251928 0.387813970890411 0.27134349485861187 0.38121813527397264 0.2460753149100257 0.3471944863013699 0.1804900912596401 0.32402177739726024 0.14046471079691517 0.3034072294520548 0.14217851799485862 0.3487651541095891 0.23457422750642673
0 0 0.25524807583547554 0.19512414897260272 0.34996800514138815 0.2591206147260274 0.37949992416452444 0.30010178082191785 0.3902920128534704 0.35447839726027397 0.41868744730077123 0.3499525256849315 0.4100279228791774 0.2745847054794521 0.3653060398457584 0.19023395034246576 0.3245580244215938 0 0.23880263367609256 0 0.25524807583547554
0 0.20662783047945205 0.21412026349614396 0.2247758647260274 0.21454775192802056 0.2324174914383562 0.22746613881748073 0.2541589623287671 0.2359852557840617 0.2608681558219178 0.24833574678663237 0.2749909366438356 0.251034118251928 0.26280182705479455 0.27076445501285346 0.28913665753424656 0.26083012724935734 0.3995280410958904 0.3445921632390745 0.40227946917808216 0.3321005681233933 0.15229824828767125 0.15474108226221078 0.10526844349315069 0.15865094344473007 0.1734704520547945 0.2246217879177378 0.2506127191780822 0.29049479048843185 0.36177730993150686 0.37354713110539844 0.36346000856164384 0.36630769280205655 0.34401521575342464 0.34856185347043706 0.2154069897260274 0.24307941131105398 0.15286519178082192 0.18373754627249358 0.1742652705479452 0.18260384832904886 0.1803604880136986 0.19694162210796917 0.19291392465753424 0.19396174293059124 0.20705964383561642 0.20375775192802056 0.20662783047945205 0.21412026349614396