0 0.5241858675675676 0.02842736330935252 0.5252939175675675 0.12044703597122303 0.5341638216216216 0.24225477158273384 0.530036072972973 0.25792681474820145 0.5367928297297297 0.25735123021582734 0.5398525108108108 0.24897978057553957 0.5437113405405405 0.14050694604316546 0.5399802378378379 0.02928391366906475 0.5241858675675676 0.02842736330935252
0 0.607850754054054 0.21975603956834533 0.5958244878378378 0.2586309532374101 0.5648056094594595 0.314444190647482 0.574052604054054 0.30824926798561153 0.6358750256756757 0.20835674820143885 0.7225176310810811 0.03918318345323741 0.7041286945945946 0.038185924460431654 0.607850754054054 0.21975603956834533
0 0.3711039662162162 0.09573145863309353 0.3550450918918919 0.036718991007194245 0.3469449743243243 0.03740901079136691 0.384464345945946 0.15947980755395683 0.43913280540540545 0.30802696762589926 0.4573348932432432 0.3398208345323741 0.3711039662162162 0.09573145863309353
0 0.42158822297297294 0.17253898021582734 0.439079222972973 0.2034922212230216 0.48514670135135135 0.32303243525179853 0.4821635864864865 0.29895413129496407 0.41697334594594593 0.12426725359712229 0.37557547432432437 0.034970084532374095 0.3637807459459459 0.035974832733812946 0.4179648432432433 0.14941641726618707 0.42158822297297294 0.17253898021582734
0 0.19823100675675676 0.05007739388489209 0.28999990135135134 0.23962295503597125 0.3712704608108108 0.3750895701438849 0.37439809189189194 0.38563755035971226 0.3705565013513514 0.39137200539568345 0.37532164189189193 0.39186728237410073 0.37816886081081086 0.3781067248201439 0.3416938662162162 0.3127226205035971 0.3264806418918919 0.27076093345323743 0.21025918108108108 0.04905275899280575 0.19823100675675676 0.05007739388489209
0 0.2932461891891892 0.3907481744604317 0.29481575 0.3617760395683453 0.28095100405405404 0.3368222985611511 0.263170972972973 0.3329297050359712 0.24339645135135135 0.347231035971223 0.17967622027027028 0.3130062823741007 0.17583462972972974 0.318740737410072 0.23827433108108106 0.3548769784172662 0.2416115527027027 0.3879371276978417 0.25249031216216217 0.40593562589928056 0.2770271 0.4092526366906475 0.2932461891891892 0.3907481744604317
0 0.2281544945945946 0.476499976618705 0.23369867027027028 0.49675530935251794 0.24144979729729732 0.5042058291366907 0.262929777027027 0.49877122661870504 0.2813558189189189 0.46746194964028775 0.28078925 0.4530909982014389 0.27012295405405407 0.4404816061151079 0.25127485675675676 0.4438896061151079 0.23192526351351353 0.46896915107913667 0.09883497162162162 0.4119762697841727 0.09952596486486487 0.42950320323741004 0.2281544945945946 0.476499976618705
0 0.10781508783783783 0.6397551330935252 0.18744932702702702 0.613345237410072 0.28276075405405404 0.5718815773381295 0.2723777445945946 0.5664576600719425 0.16504867027027026 0.5954270431654676 0.10703506891891892 0.6199701241007195 0.10781508783783783 0.6397551330935252
0 0.2754852621621622 0.6968670809352518 0.2567108594594595 0.6849483866906475 0.24070710810810808 0.691718893884892 0.22989342297297297 0.7097628884892087 0.22633224594594595 0.7398058830935251 0.16288380810810812 0.7812588561151079 0.1632379135135135 0.7902406996402878 0.22917659054054054 0.7431683866906474 0.2501550743243243 0.7594053273381295 0.2688615297297297 0.7524045899280576 0.28074327972972973 0.7270600017985611 0.2754852621621622 0.6968670809352518
0 0.18584955405405407 1 0.26193439864864865 0.9206180611510791 0.3601045378378378 0.796901595323741 0.3791000243243243 0.7628402086330935 0.3309413783783784 0.8138051097122302 0.22892964999999998 0.9432560341726618 0.20033306216216215 0.9745305000000001 0.19542627837837837 0.9704424856115107 0.19891376216216214 0.9557261834532373 0.2648610581081081 0.8572846852517986 0.2726858810810811 0.8494085107913669 0.2797259243243243 0.8560184028776978 0.2857007716216216 0.8528058255395683 0.2835703851351351 0.8331608848920864 0.35257736486486485 0.7263479316546763 0.3259015716216216 0.7547551690647482 0.2064581716216216 0.9235414712230215 0.16011973513513514 1 0.18584955405405407 1
0 0.35382584189189187 1 0.37252987297297296 0.9229124622302158 0.3833521756756757 0.8534992769784172 0.3824314986486486 0.8301464820143885 0.39345764594594596 0.8174915935251799 0.4016365756756757 0.818597262589928 0.3972284148648649 0.8099607679856116 0.3812954837837838 0.8185276420863309 0.37823580270270274 0.8268990935251799 0.37559817432432435 0.8631718201438849 0.34784569594594594 0.9502488399280575 0.3366611581081081 1 0.35382584189189187 1
0 0.43401955675675674 1 0.46343026621621625 0.8899353723021582 0.48334642972972974 0.8792267787769784 0.4808619378378378 0.8505999928057555 0.4630847797297297 0.8295843381294964 0.4450185891891892 0.835629332733813 0.4460100878378378 0.8607784982014389 0.4579540391891892 0.8885994694244604 0.4209622216216216 1 0.43401955675675674 1
0 0.5395774081081082 1 0.5363209256756757 0.9504149604316546 0.5199037378378378 0.8779150017985612 0.5237482013513514 0.8550574802158274 0.515495577027027 0.8692785071942446 0.5165607702702703 0.879100976618705 0.5222465864864865 0.9029490485611511 0.5229433081081081 0.9894049892086332 0.5238708378378378 1 0.5395774081081082 1
0 0.6524602040540541 1 0.6359725648648649 0.8986683651079136 0.6132292945945945 0.8032760773381294 0.6022797148648649 0.7834812086330935 0.6011408270270271 0.7889854316546763 0.6142916135135135 0.8302216097122301 0.6211785216216216 0.9017310143884891 0.6383909999999999 1 0.6524602040540541 1
0 0.7972404256756757 1 0.7302187986486486 0.8473822374100719 0.6817998540540541 0.7541771618705035 0.6766126581081081 0.7257806097122302 0.6590479635135135 0.7101540629496403 0.6537842013513514 0.7142072679856115 0.6712780743243243 0.7280374460431654 0.7007781013513513 0.8228541510791367 0.7825202662162162 1 0.7972404256756757 1
0 0.7234936472972974 0.6596041294964029 0.6803977918918919 0.6326344712230216 0.6736410351351352 0.6332100539568346 0.6673800283783784 0.6463602194244604 0.6739243216216216 0.6403955305755396 0.6903530013513514 0.644403237410072 0.7492343972972972 0.6934594082733813 0.8665633851351351 0.7633724244604316 0.8657531783783783 0.7428217104316547 0.7620396986486486 0.6743445557553956 0.7234936472972974 0.6596041294964029
0 0.7811998121621622 0.5068914028776978 0.6989798432432432 0.519302618705036 0.6750804472972973 0.5321529298561151 0.6703124337837838 0.5487807158273381 0.6731567783783784 0.5521432212230215 0.6807691378378379 0.5388779388489209 0.6979825986486486 0.5283995791366907 0.7358204364864864 0.5251763165467627 0.7862453635135135 0.5316952176258993 0.8571913108108108 0.5256515971223021 0.8564142067567568 0.5059405323741007 0.7811998121621622 0.5068914028776978
0 0.8000708945945946 0.36649889928057555 0.850282858108108 0.35042008992805757 0.8496742959459459 0.3349840107913669 0.7402573283783784 0.36258218345323745 0.7150774013513513 0.3773439802158274 0.6640093351351352 0.3889038830935252 0.6561845121621622 0.396780059352518 0.8000708945945946 0.36649889928057555
0 0.738274331081081 0.31228385431654676 0.6603859554054055 0.36578132194244606 0.6409004662162162 0.3530220017985612 0.6343561743243243 0.35898669244604314 0.6424642810810811 0.35829599280575536 0.6485070783783784 0.37400284712230214 0.6647941162162162 0.3744178165467626 0.6897615783783784 0.35426691366906476 0.7632360472972973 0.3263790773381295 0.8476159445945947 0.2827743597122302 0.8468933351351351 0.2644454892086331 0.738274331081081 0.31228385431654676
0 0.6335742662162163 0.35634969604316546 0.6483654364864865 0.37041010971223026 0.6502182824324324 0.3486234496402878 0.7280415837837838 0.259083487410072 0.8182452567567567 0.13965045683453237 0.8407115135135136 0.1076448165467626 0.8394576513513514 0.0758408273381295 0.8083666148648648 0.09543193525179856 0.7508901513513514 0.15079539208633091 0.6820305621621622 0.2269549550359712 0.6084737797297297 0.3215386744604316 0.6347925945945946 0.301272654676259 0.7843198283783783 0.13893563309352516 0.8001111175675676 0.12677602158273382 0.8091427756756757 0.13231505575539568 0.7286139 0.2392083129496403 0.7151003864864866 0.24035947661870505 0.7105448364864865 0.26237637050359713 0.6335742662162163 0.35634969604316546