0 0 0.665494625 0.0035921028368794323 0.6777213763297872 0.0424805939716312 0.6700506941489361 0.18028131914893616 0.6349552646276596 0.18735400709219857 0.6247974760638298 0.17995801773049647 0.6214069228723405 0.17182876063829788 0.6310803457446809 0.04757679609929078 0.6500534055851064 0 0.6601473882978723 0 0.665494625
0 0 0.3738553843085107 0.034553859929078015 0.3816640731382979 0.137991890070922 0.41009980186170214 0.18898055319148935 0.4156077712765957 0.2528097109929078 0.433702289893617 0.2652460726950355 0.42935341223404255 0.2622938421985816 0.42241663031914894 0.2509140514184397 0.4272498736702127 0.1578800709219858 0.3968836210106383 0.05942658333333333 0.3729663178191489 0 0.3597780771276596 0 0.3738553843085107
0 0 0.5346255372340426 0.1550411418439716 0.5552670465425532 0.23808103900709218 0.5609515026595745 0.21318332092198583 0.5540043125 0.06157219858156028 0.535868170212766 0.055829391843971635 0.5287687765957447 0.036755303191489355 0.5323080664893617 0 0.5267469734042554 0 0.5346255372340426
0 0 0.49990448005319155 0.23486133865248227 0.5282085199468085 0.24594282446808508 0.5254718803191489 0.18642077482269503 0.5127019055851064 0.0047907340425531915 0.49197092021276595 0 0.49173542553191485 0 0.49990448005319155
0 0.17317451773049647 0.2933440066489362 0.11154516666666667 0.2360575585106383 0.10181855673758865 0.23718196276595746 0.16458530319148937 0.29833986037234045 0.15775509219858155 0.3186589042553191 0.16766834929078014 0.33995361569148935 0.19890548758865248 0.34980699202127663 0.2310933776595745 0.34111270611702127 0.24418218262411348 0.32031276595744684 0.2335106631205674 0.2964370890957447 0.20612067021276598 0.2872306875 0.17317451773049647 0.2933440066489362
0 0.2889489273049645 0.254851085106383 0.271118054964539 0.2812938550531915 0.2762084184397163 0.30484430984042554 0.2864758120567376 0.31178456117021275 0.30804217198581557 0.3105044840425532 0.33424477836879435 0.28454954787234044 0.33262243085106385 0.26035558510638296 0.32024189716312057 0.2524466050531915 0.29935297517730497 0.2529205638297872 0.22996072872340428 0.16713622872340425 0.21388027836879434 0.1701200345744681 0.2889489273049645 0.254851085106383
0 0.4112185691489362 0.2695862686170213 0.41357418439716315 0.28071625531914896 0.42346244680851064 0.2863660212765958 0.41807377482269503 0.26491216888297875 0.42707879432624113 0.1897562513297872 0.4256724308510638 0.13082096675531915 0.4000694273049646 0.13557172872340426 0.40014876063829785 0.18522741888297872 0.4094095726950355 0.2229731914893617 0.4112185691489362 0.2695862686170213
0 0.5993363617021277 0.19725718218085106 0.5845443829787235 0.1904760731382979 0.5834069875886525 0.18660462234042552 0.6050908457446809 0.11726108510638297 0.6059049397163121 0.10758419281914894 0.6027352304964539 0.10613109840425532 0.5955008918439716 0.1095147154255319 0.5925736578014185 0.11822287765957447 0.5774466985815603 0.18498891622340424 0.5740595088652483 0.1890195106382979 0.5567194290780142 0.19223704654255322 0.5422507535460993 0.19900427925531916 0.5311134361702128 0.2139987779255319 0.5305976489361702 0.2215790678191489 0.5337115283687943 0.2352900199468085 0.5390752039007092 0.2410989295212766 0.5510766046099291 0.24771742686170212 0.5626180478723404 0.2496583550531915 0.5920961843971632 0.2441885425531915 0.6084355230496454 0.22822878324468082 0.6109836241134752 0.21823013829787233 0.6071923085106383 0.2053253045212766 0.5993363617021277 0.19725718218085106
0 0.7304068581560285 0.24506056914893617 0.6986480939716312 0.28633522473404255 0.6897047429078014 0.305685539893617 0.6667526719858156 0.33648065425531914 0.667510934397163 0.3390616210106383 0.6709789503546099 0.3384181143617021 0.6892697801418439 0.3166529135638298 0.6908421365248227 0.3095569893617021 0.7458512783687943 0.23539061436170214 0.7495367765957447 0.22926342021276597 0.7469636790780142 0.22361712234042555 0.7319792163120568 0.2379646449468085 0.7304068581560285 0.24506056914893617
0 0.8122210585106383 0.09719830984042553 0.8141167180851064 0.10365072739361701 0.803035230496454 0.10638736835106383 0.8101329131205673 0.11187452393617021 0.7969074539007093 0.14154523670212765 0.7488343421985816 0.21442459574468087 0.7476411170212767 0.2228110039893617 0.7545771507092198 0.22152398936170212 0.8026502606382979 0.1486446289893617 0.8519394574468085 0.055008788563829784 0.8510245957446808 0.05189479521276596 0.8276547180851064 0.056231190159574465 0.7346448156028369 0.15990253856382977 0.616795579787234 0.31581210638297874 0.6204252464539007 0.32194276994680854 0.7019353014184397 0.21972485904255318 0.7063790602836879 0.21617863164893616 0.7238807925531915 0.2197352659574468 0.7117177411347518 0.2063425970744681 0.7905988670212766 0.11073624601063829 0.8122210585106383 0.09719830984042553
0 0.9051432287234042 0.23610303058510637 0.8372320780141844 0.26946570478723403 0.7648328634751772 0.31555972872340426 0.7264672074468085 0.3281219973404255 0.72234675 0.3452165664893617 0.7315575709219858 0.3516724521276595 0.7282262109929079 0.34344518617021275 0.735895510638298 0.32909419547872343 0.8288295088652482 0.29688067287234043 0.9106285957446808 0.254774045212766 0.9051432287234042 0.23610303058510637
0 0.9180663333333333 0.3578898364361702 0.937669829787234 0.3468166210106383 0.9325731063829787 0.32946846542553193 0.8297377464539006 0.3933313018617021 0.7804830886524823 0.3875015784574468 0.7669901560283688 0.3913660904255319 0.7623289131205674 0.400396005319149 0.7714030815602837 0.41572266489361703 0.7897439024822696 0.42524735106382977 0.8276745975177305 0.4236524574468085 0.8361021613475177 0.4118824335106383 0.8351014219858156 0.3991402114361702 0.9180663333333333 0.3578898364361702
0 0.8410000407801419 0.45656151994680855 0.8292411152482269 0.46010427925531916 0.8205152464539007 0.4739709042553192 0.8425165673758865 0.46172345345744675 0.9264513865248227 0.461118102393617 0.9692176170212766 0.4541985319148936 0.9648370425531915 0.4392879906914893 0.8741078421985816 0.45722237101063834 0.8410000407801419 0.45656151994680855
0 0.9661055886524823 0.5588862406914893 0.9336990407801419 0.560474920212766 0.8329649255319149 0.5723624601063829 0.7827345230496454 0.5694354587765957 0.78425104964539 0.574597392287234 0.8125359609929078 0.5775139880319149 0.9097462304964539 0.5785278125 0.9651049574468086 0.5749992047872341 0.9661055886524823 0.5588862406914893
0 0.9103811560283688 0.6927199853723405 0.9572889539007092 0.7008587526595745 0.9583048297872341 0.6845003111702128 0.8448738226950354 0.6626893630319148 0.7677133865248227 0.6552335265957446 0.7447921507092199 0.6581258417553192 0.7280236879432624 0.6415052300531915 0.7196519539007092 0.6410173962765957 0.7463086773049645 0.6632877752659575 0.7786582163120567 0.6613676595744681 0.9103811560283688 0.6927199853723405
0 0.6560036046099291 0.6888897380319149 0.6556803031914894 0.6753413962765957 0.6461153439716313 0.6832399707446809 0.6605531879432625 0.7043755385638298 0.776552554964539 0.8066871077127659 0.8035938120567375 0.8282057180851063 0.8279205230496454 0.8236917779255318 0.7555886489361702 0.7602262367021276 0.6709572358156028 0.7024450172872341 0.6560036046099291 0.6888897380319149
0 0.574437719858156 0.8033655066489361 0.559322439716312 0.7830360571808511 0.543181425531915 0.7343194414893617 0.5475193634751774 0.7117411835106383 0.5591166365248227 0.701424255319149 0.5538337872340425 0.6990024308510637 0.5380910602836879 0.7107689853723405 0.5352696489361702 0.738509176861702 0.548346774822695 0.8048047273936171 0.5719076737588652 0.8711962127659574 0.593603969858156 0.867170357712766 0.574437719858156 0.8033655066489361
0 0.38239779432624116 0.8281127872340426 0.3914601684397163 0.9046791263297873 0.41314910283687944 0.9006546409574467 0.4078113014184397 0.8274796861702127 0.38720736702127656 0.7231166103723404 0.38013468085106383 0.7332743976063829 0.3879847890070922 0.7848902646276595 0.38239779432624116 0.8281127872340426
0 0.3505831985815603 0.8816453031914893 0.35649933333333333 0.8084233763297873 0.3523847145390071 0.7819702007978724 0.365125219858156 0.731976977393617 0.36285043085106383 0.7242340757978722 0.34873589184397163 0.7166468497340426 0.3359203953900709 0.7197052433510638 0.3543420407801418 0.7326170146276596 0.329457640070922 0.8284102606382979 0.32442987588652483 0.9171169255319148 0.3464463971631206 0.9130316529255319 0.3505831985815603 0.8816453031914893
0 0.13609950886524821 0.7833192313829788 0.20183600177304964 0.7207706781914893 0.2570876187943263 0.6567655585106383 0.2579017145390071 0.6470886675531915 0.21641633865248225 0.6894877287234042 0.18070460283687942 0.7110833803191489 0.13025088120567374 0.7571878098404254 0.04958641666666667 0.8342761768617021 0.05575378368794326 0.8552685704787234 0.13609950886524821 0.7833192313829788
0 0.19346590780141845 0.9101187659574468 0.17989215070921988 0.9105961928191489 0.17991714539007092 0.9262411369680851 0.15843161170212766 0.9309082992021277 0.19496327836879432 0.8560880119680851 0.27701995212765956 0.7183870093085106 0.28867305673758864 0.6958122220744681 0.2839868209219858 0.6891971928191489 0.2096552730496454 0.8002893457446808 0.16152633333333333 0.8854265638297872 0.12929882092198583 0.9533244454787234 0.1811741489361702 0.9436987247340425 0.34112242021276595 0.718739982712766 0.3331856471631206 0.7072847739361702 0.25991067375886523 0.8188612925531914 0.2298917535460993 0.8162664507978723 0.2501282322695036 0.8322435531914895 0.23739356382978724 0.8386890332446809 0.23598285638297875 0.8525591289893617 0.2182078156028369 0.866744039893617 0.21611967021276596 0.8814202539893617 0.1984812854609929 0.8867343909574468 0.2032483475177305 0.896736505319149 0.19346590780141845 0.9101187659574468