0 0.18557676329113923 0.1694409662162162 0.20146832405063292 0.18124238513513513 0.21297941139240506 0.20085270101351352 0.22955178101265825 0.21046167229729731 0.24272010632911392 0.23103288513513515 0.24992683924050635 0.22356910810810812 0.23178680253164555 0.2001152027027027 0.1915655898734177 0.15436644763513513 0.18141224430379746 0.15971466385135136 0.18557676329113923 0.1694409662162162
0 0.29513354556962024 0.20709208614864866 0.22098113037974684 0.1388719831081081 0.2084100164556962 0.14549374324324324 0.24288579493670884 0.18326585304054055 0.2985510430379747 0.2181287972972973 0.30595037088607596 0.20689589527027027 0.29513354556962024 0.20709208614864866
0 0.3392965594936709 0.0774669375 0.3574635 0.14491875506756757 0.37560353670886076 0.16837266047297297 0.3814621037974683 0.1872927347972973 0.3809873430379747 0.20771501858108107 0.3860486253164557 0.1977136706081081 0.3759752746835443 0.13883545945945946 0.3526733417721519 0.06950387837837838 0.3393181392405063 0.07653865371621621 0.3392965594936709 0.0774669375
0 0.12708117215189874 0.6853030219594595 0.1311212417721519 0.6785903462837838 0.09881857341772152 0.6818518125 0.04300108860759494 0.7167548581081081 0.02867719367088608 0.7187983766891892 0.007241270886075949 0.735198168918919 0.014261064556962027 0.7578683935810812 0.08655055696202531 0.6993169391891892 0.12708117215189874 0.6853030219594595
0 0.07196343164556962 0.9442165185810811 0.12844738860759494 0.8477948530405405 0.11659589746835443 0.8292807601351352 0.10739152278481012 0.8368798665540541 0.06352805063291139 0.9169747010135135 0.07196343164556962 0.9442165185810811
0 0.48207419873417723 0.09945300168918919 0.4600419050632912 0.08538466722972973 0.45274500379746835 0.03871696283783784 0.4471319835443038 0.03823695945945946 0.4535159810126582 0.09065599662162162 0.43155537721518983 0.11414355743243243 0.42761833417721523 0.12997114864864864 0.43981023037974687 0.1473890168918919 0.4562795759493671 0.14788306925675676 0.47766239493670887 0.135702875 0.4859799126582278 0.11206638513513513 0.48207419873417723 0.09945300168918919
0 0 0.6153833902027027 0.000938567088607595 0.6160439780405406 0.12763205189873417 0.6299977449324324 0.15593943670886076 0.6270069341216217 0.16865087974683543 0.6175605000000001 0.17473337594936708 0.6042704780405405 0.15383877088607595 0.6180273445945946 0.1293788594936709 0.6180746030405405 0.048290725316455695 0.6021045253378379 0 0.5976733986486487 0 0.6153833902027027
0 0 0.5729168969594595 0.13451625949367088 0.573190258445946 0.14562870379746837 0.5783398648648649 0.17412868481012655 0.5715799324324324 0.18854215063291138 0.556652375 0.17281185316455697 0.5695228108108108 0.03432511518987342 0.5526118885135135 0 0.5540726706081082 0 0.5729168969594595
0 0.7445402126582279 0.23352532939189188 0.7308971265822785 0.23337639695945947 0.7334860063291139 0.24393266047297296 0.7391385253164557 0.24462290033783782 0.8405031215189874 0.1921466097972973 0.9009049139240506 0.15228849324324323 0.8946264924050632 0.1320125152027027 0.8133065215189874 0.17896470777027026 0.7445402126582279 0.23352532939189188
0 0.9389295797468354 0.27508805405405407 0.7589000392405063 0.3699175658783784 0.7801932860759494 0.37062141216216216 0.9018299164556962 0.3221376385135135 0.946456659493671 0.29939654054054055 0.9389295797468354 0.27508805405405407
0 0.07957643417721519 0.29037722972972974 0.09113230632911393 0.30354552702702703 0.1509854329113924 0.33436869425675675 0.16980627848101268 0.35563015033783785 0.19007831139240508 0.3596226689189189 0.2084422759493671 0.35086647804054055 0.22372914556962026 0.32997734966216213 0.22552073924050633 0.31161218918918915 0.21713153037974683 0.29769278716216213 0.19486185443037976 0.29383559628378375 0.17732651012658227 0.3030722364864865 0.15736354810126582 0.32642446790540536 0.09273130506329115 0.2889494881756757 0.07957643417721519 0.29037722972972974
0 0.6083511620253165 0.1493859864864865 0.606071353164557 0.16617447635135135 0.6719531632911392 0.0957117972972973 0.697535641772152 0.05965049155405405 0.6753544987341772 0.05775364695945946 0.6604420759493671 0.07610147972972973 0.6083511620253165 0.1493859864864865
0 0.7848870860759494 0.07840275844594595 0.7917072126582279 0.06770367229729729 0.773913175949367 0.06618199662162162 0.7129227810126582 0.16215545945945947 0.6819369443037975 0.1674740456081081 0.6550494151898735 0.18163689527027027 0.6503285379746836 0.19054201858108108 0.6564244860759494 0.1992509527027027 0.6910652012658228 0.19475793412162162 0.7142978506329114 0.17976951689189188 0.7848870860759494 0.07840275844594595
0 0.7492747151898733 0.48593477702702703 0.8383399632911392 0.47936458783783786 0.8802456481012658 0.4829647280405405 0.98832712278481 0.46780256756756755 0.9892494974683544 0.4375947787162162 0.9889511696202532 0.4366313378378378 0.8831480278481013 0.4484268530405406 0.8466126949367089 0.4621701165540541 0.7672982746835443 0.4782748108108108 0.7486834772151899 0.47524318750000005 0.7439043620253164 0.468591375 0.7408407215189874 0.4784573969594595 0.7492747151898733 0.48593477702702703
0 0 0.47168463175675673 0.12607324050632912 0.47127503378378377 0.16592304556962026 0.4594535658783784 0.2138216556962025 0.46264772297297296 0.22000717341772152 0.45847261824324326 0.22024455443037977 0.44826147635135133 0.21503546329113923 0.4555899273648648 0.1309284734177215 0.4430438513513514 0 0.44961061655405404 0 0.47168463175675673
0 0.5737488797468354 1 0.5335073012658228 0.8627445929054054 0.5135039810126582 0.8200999560810811 0.48455154683544305 0.7244033530405406 0.5107941974683544 0.8508687077702702 0.5101268405063291 0.8750601131756757 0.5459066949367088 1 0.5737488797468354 1
0 0.5426344873417721 0.04640395608108108 0.5128047759493671 0.1547854864864865 0.5179242949367089 0.16034107432432432 0.5249384341772152 0.15664641891891892 0.5453627037974684 0.09087294763513513 0.5604569784810126 0.07375294256756756 0.55669907721519 0.06381245608108109 0.5597384632911392 0.04786662162162162 0.5426344873417721 0.04640395608108108
0 0.5559690544303797 0.1448858108108108 0.5591939582278481 0.15969164527027027 0.5699077594936709 0.15038053885135136 0.5887218455696203 0.05034516554054054 0.5786739784810127 0.049485912162162166 0.5782297037974684 0.05430516047297297 0.5559690544303797 0.1448858108108108
0 0.6518607898734177 0.7838980506756758 0.6683570417721519 0.8283900135135135 0.7417626177215191 0.950184777027027 0.7633670620253165 0.9388047635135135 0.7619730506329114 0.9331206216216217 0.6801233886075949 0.7873492601351352 0.6644244227848102 0.7717787179054054 0.6254076632911392 0.7116417500000001 0.6058791025316456 0.6485748293918919 0.614151835443038 0.6313803581081081 0.6100087430379747 0.6289781165540541 0.598569346835443 0.6469236908783783 0.6114689582278481 0.7061470236486487 0.6518607898734177 0.7838980506756758
0 0.4514563848101266 1 0.4376339632911393 0.8912392719594595 0.42112425822784805 0.8247483513513513 0.4258630151898734 0.7654032972972973 0.41386371392405064 0.7442163074324324 0.398415582278481 0.740433581081081 0.38385430632911394 0.7526882398648649 0.4023212936708861 0.753046964527027 0.41309333417721517 0.759292795608108 0.4165108316455696 0.7703295050675676 0.4105000278481013 0.821175418918919 0.4144595506329114 0.921784625 0.42482498860759493 1 0.4514563848101266 1
0 0.7960984721518987 0.643737402027027 0.9799718101265823 0.7414388716216216 0.9808862164556963 0.7114921013513513 0.8513964101265823 0.6356986587837837 0.771759464556962 0.6024596452702703 0.7124841240506329 0.5603291114864865 0.6966955873417721 0.5576426114864865 0.6906578759493671 0.5644906148648648 0.6954369924050633 0.5711424256756756 0.7193639037974684 0.5759605152027026 0.7960984721518987 0.643737402027027
0 0.21458679620253165 1 0.21964923544303797 0.9886400067567568 0.28950384810126584 0.801469875 0.30245267341772153 0.7818123006756756 0.31143754683544306 0.7339844037162162 0.3099594518987342 0.7072554290540541 0.30195543291139243 0.6857977837837838 0.2900143696202532 0.6801677314189188 0.2714130253164557 0.6991350641891892 0.26087393924050634 0.7551169797297297 0.26273722405063293 0.7743077094594595 0.2772806189873418 0.8124929814189189 0.19244429746835442 1 0.21458679620253165 1
0 0.11708411139240506 0.8308574341216216 0.12849217468354432 0.8413528327702703 0.1936080316455696 0.7135277567567567 0.1857652759493671 0.716741964527027 0.12063596582278481 0.8225680861486486 0.11708411139240506 0.8308574341216216
0 0.2510062898734177 0.23583736993243243 0.2668978506329114 0.24763878885135132 0.27546620253164555 0.23579011148648651 0.26645442278481013 0.23962009628378378 0.24578374683544305 0.22116686486486484 0.2510062898734177 0.23583736993243243