0 0.5201924150141644 1 0.5428381161473088 0.894064418560606 0.5581312790368272 0.7835585643939394 0.5564802507082154 0.7739214810606061 0.5496558243626062 0.770630884469697 0.5511062393767705 0.7880298958333334 0.5203981147308782 0.906820293560606 0.5027061671388102 1 0.5201924150141644 1
0 0.688734933427762 1 0.649358276203966 0.8629103125 0.6037085056657224 0.7377540208333334 0.5953284320113315 0.7278193257575758 0.6172225722379604 0.7963338465909091 0.6226525580736544 0.8402100416666667 0.670711090651558 1 0.688734933427762 1
0 0.5078606898016997 0.7102025 0.5151915750708216 0.6872143219696969 0.4467534178470255 0.7887944090909091 0.4233300538243626 0.8128641136363637 0.41551241218130314 0.8346352556818182 0.3363697776203966 0.9310538636363636 0.3483535198300283 0.9368321761363636 0.41003316855524075 0.8594985852272727 0.5078606898016997 0.7102025
0 0.3829557804532578 0.8110784583333334 0.3202362025495751 0.9232745852272728 0.3286006912181303 0.9273077689393939 0.35794721246458927 0.8697477840909091 0.4896599801699717 0.6591861931818183 0.46535848583569406 0.6838148162878788 0.3829557804532578 0.8110784583333334
0 0.18107673229461754 0.8561747575757576 0.3432621543909349 0.6760237727272728 0.3663039971671388 0.6399821136363636 0.4152983626062323 0.5889489166666667 0.41482145892351274 0.5739839753787879 0.4098486728045326 0.5725685340909091 0.4127692053824362 0.5798707481060607 0.4076911869688385 0.5892102234848485 0.30033902266288953 0.6926557594696969 0.16912921388101984 0.8504139109848485 0.18107673229461754 0.8561747575757576
0 0.27705357507082157 0.5242547954545455 0.2677658186968838 0.5561227329545455 0.19734436685552406 0.5673542556818182 0.20026489943342776 0.5746564734848485 0.2716598626062323 0.5658590189393939 0.28939351841359773 0.5881624791666666 0.30831115014164306 0.5913901761363636 0.3269524915014164 0.5718910037878788 0.3304847138810198 0.5421595284090909 0.31714170679886683 0.5170614867424242 0.2913996473087819 0.5105431931818182 0.27705357507082157 0.5242547954545455
0 0.2815033342776204 0.43897278219696967 0.29688874220963174 0.47193195454545456 0.31560576345609065 0.48292158143939395 0.3287777110481586 0.4745378352272728 0.33190870821529744 0.4603302159090909 0.3185755509915014 0.42148427083333334 0.2975201359773371 0.40740245454545454 0.2882520807365439 0.41177458333333333 0.2789741756373938 0.429894615530303 0.1447711090651558 0.4256536761363636 0.14102917422096317 0.4426335643939394 0.2815033342776204 0.43897278219696967
0 0.18533836543909346 0.24157039393939392 0.23538650849858356 0.28510364393939397 0.34027220963172805 0.35728868181818185 0.35187866147308783 0.35600874621212125 0.2615297932011332 0.27609808143939396 0.18975379886685553 0.2215343428030303 0.18533836543909346 0.24157039393939392
0 0.3517304376770538 0.15455910984848484 0.3273434121813031 0.1624468390151515 0.26810076487252127 0.08869396212121212 0.2661438909348442 0.09757372348484848 0.32383089376770535 0.1646825056818182 0.3221503116147309 0.19628913636363637 0.3300337776203966 0.21875469886363638 0.345238276203966 0.23197999242424244 0.36659953824362607 0.2275449621212121 0.37734756090651556 0.19932813257575757 0.3696647067988668 0.16910064015151516 0.3517304376770538 0.15455910984848484
0 0.36044088951841363 0.0028039223484848485 0.3490612790368272 0.0027153977272727273 0.42855538668555243 0.18963785227272728 0.45086060481586404 0.22888061174242424 0.39907377337110483 0.09388882765151516 0.4047437790368272 0.0750114715909091 0.3991888583569405 0.06938600568181817 0.390798933427762 0.07319921780303029 0.3841751203966006 0.062146691287878794 0.36044088951841363 0.0028039223484848485
0 0.4710969957507082 0.16103391477272727 0.39516251274787534 0.0030740265151515153 0.38245483144475917 0.0029751704545454543 0.44420051699716717 0.13234766666666667 0.48452553399433423 0.2028728484848485 0.4710969957507082 0.16103391477272727
0 0.5049723923512748 0.11351631818181818 0.5061957719546742 0.03944893560606061 0.5038974773371105 0.003919890151515152 0.48596615722379605 0.003780399621212121 0.49873995325779036 0.10068783901515152 0.4950071175637394 0.13818124431818182 0.49665814589235124 0.14781832765151517 0.5114712691218131 0.16281957196969696 0.5175227988668556 0.15591416856060605 0.508942111898017 0.1537414034090909 0.4998845226628895 0.13660369886363635 0.5049723923512748 0.11351631818181818
0 0.5876778101983002 0.10820786931818183 0.5704967351274788 0.13135815151515154 0.5650174915014164 0.15622148295454547 0.582465007082153 0.16954597727272727 0.6044182549575071 0.15557306818181818 0.612045133144476 0.12781595075757576 0.5935287266288951 0.10906439583333334 0.5852547082152975 0.01371791287878788 0.5733206671388101 0.0079635625 0.5876778101983002 0.10820786931818183
0 0.6460718838526912 0.14127595075757574 0.64323688101983 0.1507146287878788 0.6491733257790369 0.16831204734848487 0.649288409348442 0.1438092272727273 0.67898361898017 0.07757637878787878 0.6831516161473088 0.060921782196969705 0.668341947592068 0.053780865530303035 0.656132538243626 0.11960401325757576 0.6460718838526912 0.14127595075757574
0 0.73758502407932 0.2296066628787879 0.7167861968838527 0.26574752651515154 0.7169769575070821 0.2717335018939394 0.7317144050991502 0.25624594696969694 0.7719570240793201 0.16955819696969698 0.7924590198300284 0.11362755871212121 0.7779403385269121 0.10662694886363636 0.7573346614730878 0.16054292992424243 0.73758502407932 0.2296066628787879
0 0.8249376798866854 0.2717263143939394 0.7778706345609064 0.3551234640151515 0.7574828852691218 0.36199256628787874 0.7621596770538244 0.36817694886363633 0.782938800283286 0.35953189583333334 0.7932954490084986 0.3330910170454546 0.8594708881019829 0.2589075378787879 0.9221724617563739 0.17617270643939392 0.9067251033994335 0.1687243087121212 0.8249376798866854 0.2717263143939394
0 0.7825836983002833 0.44678826704545455 0.7650309532577904 0.44421868939393944 0.7593806501416431 0.43560023484848487 0.763465454674221 0.4513224981060606 0.7702898796033995 0.4546130946969697 0.8192546912181303 0.44482361174242424 0.8613852252124646 0.44549143750000003 0.9416914419263456 0.42708931439393943 0.9466487464589235 0.4045944034090909 0.8516501175637394 0.4211507178030303 0.7825836983002833 0.44678826704545455
0 0.8608854844192635 0.5984943446969697 0.8080364830028328 0.5847996363636363 0.7698196954674221 0.5663722878787879 0.7540330609065157 0.5489369734848485 0.7485833696883852 0.5325565909090909 0.745070849858357 0.5347922556818182 0.7470080198300283 0.5534083049242424 0.7692277082152974 0.5759101685606061 0.8513115849858357 0.6213833181818182 0.8949779249291785 0.6390626742424242 0.8997847152974504 0.6172507518939394 0.8608854844192635 0.5984943446969697
0 0.7837318541076488 0.7499002973484848 0.859412716713881 0.8004480056818182 0.863247104815864 0.7830485833333334 0.8457436798866856 0.7699777954545455 0.7036147011331445 0.6817994829545454 0.710238514164306 0.6928520094696969 0.760538657223796 0.7249643598484848 0.7837318541076488 0.7499002973484848
0 0.8008636742209632 0.7954895416666667 0.7304914773371105 0.7379815397727273 0.7084724036827196 0.7077177462121211 0.6917024050991502 0.7015962651515152 0.6827204943342776 0.7149473560606061 0.6745311827195467 0.7109986401515151 0.680181485835694 0.7196170946969698 0.7024208753541076 0.7146231496212122 0.772773366855524 0.7996269602272728 0.8453430722379605 0.8642922632575758 0.8498577747875354 0.8438057556818183 0.8008636742209632 0.7954895416666667
0 0.7950881898016997 1 0.7892146855524079 0.9922331382575758 0.6647369674220963 0.7691453503787878 0.6413530084985836 0.7382234375 0.6999741147308781 0.8627579147727272 0.7570494263456091 0.9669003882575758 0.7777026147308782 1 0.7950881898016997 1
0 0.8154365509915015 1 0.8175010113314447 0.9906320340909092 0.7528428186968839 0.8489568125 0.6889529334277621 0.7277758352272727 0.6909196572237961 0.7051481685606061 0.6732616770538243 0.7133335075757575 0.735490685552408 0.8386253068181818 0.7362537322946175 0.8625692121212122 0.7499025835694052 0.8691504071969697 0.8094593172804533 1 0.8154365509915015 1