0 0.6896554074550129 0.8891871173076923 0.6934314151670952 0.8835955019230769 0.6874125784061698 0.8593136903846154 0.6696281850899743 0.8426915038461539 0.6323919601542416 0.7494322346153847 0.5181923187660669 0.5104430442307692 0.5178454858611825 0.5200689076923077 0.554589030848329 0.6199156307692308 0.636294233933162 0.7970254615384615 0.6646026979434446 0.8475298769230769 0.6827063560411311 0.8623775403846154 0.6896554074550129 0.8891871173076923
0 0.7104670000000001 0.9351720884615384 0.7147988187660668 0.9495854384615384 0.721830584832905 0.952841001923077 0.754600731362468 0.9362069788461539 0.7759797249357326 0.9097553846153845 0.8271372287917738 0.8717507423076923 0.9006315141388175 0.8019709326923077 0.9195115488431878 0.7740128557692308 0.9650326131105399 0.7365442961538462 0.9642758149100258 0.729203601923077 0.8872340809768637 0.7840594192307692 0.758431880462725 0.9149126884615384 0.7104670000000001 0.9351720884615384
0 0.480873381748072 0.44073779038461536 0.48744003727506424 0.4427294692307692 0.5081805064267353 0.4198269230769231 0.5734566799485861 0.37263073076923076 0.6723976568123393 0.27688452115384615 0.716322410025707 0.24828858653846153 0.7241936850899743 0.23533083076923078 0.7200077120822623 0.22395588846153844 0.5650847326478149 0.34988084230769234 0.5104153431876607 0.40740525384615384 0.48028999871465294 0.42858416153846157 0.480873381748072 0.44073779038461536
0 0.6664471491002572 0.7679952134615384 0.7146645616966582 0.854105498076923 0.7147552660668381 0.8728465826923077 0.7200724434447301 0.8740850211538461 0.7196900475578406 0.8492671230769231 0.7025717493573265 0.8212445519230769 0.6824262519280206 0.7638591942307692 0.6063299190231363 0.5940646153846153 0.5643323290488431 0.5195718730769231 0.5645884588688946 0.4912049269230769 0.5583410642673522 0.487438725 0.5593068431876607 0.524410248076923 0.5733152300771208 0.54662405 0.6664471491002572 0.7679952134615384
0 0.22845549742930593 0.4734661980769231 0.22999666838046273 0.4802962538461539 0.2342102120822622 0.48381985961538465 0.2732828958868895 0.45524936538461536 0.3979622544987147 0.339613575 0.4049033149100257 0.3241280557692308 0.4473224601542416 0.3231458230769231 0.4715196722365039 0.29642618653846153 0.44203285218509 0.31405604615384614 0.40949126349614395 0.3101744596153846 0.38331534318766064 0.32094882115384615 0.2551792377892031 0.44040170384615385 0.22845549742930593 0.4734661980769231
0 0.20732464138817483 0.42925575 0.21136476992287917 0.43759228846153847 0.24587707455012853 0.41512405192307694 0.33035254884318765 0.3381952576923077 0.3752626593830334 0.29642441153846155 0.3825229807197943 0.2791643673076923 0.4274410835475579 0.27968861730769234 0.459801264781491 0.24608803846153846 0.42340095501285346 0.2713520807692308 0.3871109293059126 0.26521077115384617 0.3609350089974293 0.2759851326923077 0.21551518123393315 0.41452347115384613 0.20732464138817483 0.42925575
0 0.7652248971722365 0.8078728961538462 0.7480790269922879 0.7877016634615385 0.6294844344473008 0.5077067019230769 0.6014400899742931 0.47113043846153846 0.5930681426735218 0.44838055 0.5915821131105399 0.42584781923076925 0.5846961953727506 0.42563066538461536 0.5812118791773779 0.43729909423076924 0.5917359511568123 0.47118132307692306 0.6101312994858612 0.4921058 0.6439383508997429 0.5813308211538462 0.6868385861182519 0.6662026653846154 0.7104132570694087 0.7276222711538461 0.7430535424164524 0.7925400384615384 0.7608379357326478 0.8091622230769231 0.7747911812339332 0.847078701923077 0.7763874935732648 0.8382060788461538 0.7652248971722365 0.8078728961538462
0 0.6255386066838047 0.38337461923076926 0.612405294344473 0.3793912576923077 0.6145298483290489 0.39837494038461535 0.6447263174807198 0.44608355 0.6924866131105398 0.57322505 0.7239049910025707 0.6295382365384616 0.8065404087403598 0.8091758326923078 0.8140372814910026 0.8136952769230769 0.8147033766066839 0.8022948923076924 0.7099793161953728 0.5837704211538461 0.6752420488431876 0.4920176346153846 0.639172589974293 0.42306562115384616 0.6255386066838047 0.38337461923076926
0 0.8389833033419023 0.7520212384615385 0.8134103444730078 0.7248027942307692 0.7963747583547558 0.6732262076923077 0.7084773046272493 0.4766474980769231 0.6851391838046272 0.4370073826923077 0.6707839627249357 0.42441944230769235 0.6687696928020566 0.3740304076923077 0.6627864203084832 0.3841923557692308 0.6673272185089973 0.4282365326923077 0.6804329601542417 0.44007123076923077 0.6950523007712082 0.46658732115384616 0.7210983586118253 0.537364748076923 0.808704122107969 0.7278666461538461 0.8333468624678663 0.752557325 0.8339302455012854 0.7647109519230769 0.8229214871465296 0.7797112730769231 0.829168880462725 0.7834774788461539 0.839539115681234 0.7720262038461538 0.8389833033419023 0.7520212384615385
0 0.8093106799485861 0.5551372076923078 0.7757126079691516 0.49554301346153845 0.754345203084833 0.4295530769230769 0.7359774254498714 0.40077726346153847 0.7148741413881748 0.3487154788461539 0.7067387429305914 0.3477450807692308 0.706072646529563 0.3591454673076923 0.7438922557840616 0.46455836538461537 0.8224599742930592 0.6437107615384615 0.844229354755784 0.6843721615384615 0.8595147917737789 0.6994878634615385 0.8615842030848329 0.7341742230769231 0.8712883431876607 0.7341233365384616 0.873842442159383 0.7199271423076924 0.8673584974293058 0.6943814461538461 0.849601674807198 0.6699079230769232 0.8093106799485861 0.5551372076923078
0 0.7931066143958868 0.44505220576923077 0.9074796722365038 0.6792284653846153 0.9143655912596401 0.6794456211538461 0.9150316863753213 0.6680452346153847 0.8624824537275064 0.5675216 0.8168467107969152 0.4593637826923077 0.7521495244215938 0.34168187692307694 0.7352677750642673 0.3354387942307692 0.7527604781491003 0.3459841653846154 0.7931066143958868 0.44505220576923077
0 0.3157114293059126 0.27330973846153844 0.39641089588688944 0.2019725596153846 0.4073645128534705 0.20267491346153846 0.4222755462724936 0.23526781923076923 0.44205822622107965 0.21768884423076923 0.439614411311054 0.20047968653846154 0.40825117480719797 0.12846382307692306 0.39918556169665814 0.12496566153846154 0.3819018380462725 0.14405111730769232 0.3999227814910026 0.1824527923076923 0.3672984794344473 0.20212521923076923 0.3088806529562982 0.2573899076923077 0.27125843701799485 0.27404937115384614 0.18114652442159382 0.3515142519230769 0.17516325064267352 0.36167619807692303 0.18103624035989715 0.3829196019230769 0.19727946401028276 0.3927117346153846 0.2858226349614396 0.31626813846153845 0.3157114293059126 0.27330973846153844
0 0.31745718380462723 0.13273889423076923 0.3631596568123393 0.13275250192307692 0.3970885784061697 0.09813064038461539 0.3858156992287917 0.09920280961538462 0.3619377480719794 0.124147925 0.3212607622107969 0.11929594038461538 0.29554994858611827 0.13133418653846154 0.15233738817480721 0.2653021923076923 0.1416203200514139 0.28637932884615386 0.1503666709511568 0.29165201346153846 0.19713721465295628 0.2549366961538462 0.2505571259640103 0.19665904807692308 0.30517137532133676 0.15483731346153848 0.31745718380462723 0.13273889423076923
0 0.2962987583547558 0.09637978461538461 0.3041424627249357 0.09127336730769231 0.34763767095115683 0.09585730961538462 0.37401457840616964 0.07241867692307692 0.37656867737789207 0.05822248269230769 0.3627968406169666 0.05778817115384615 0.3395298444730077 0.087035575 0.30730751670951156 0.08137946346153846 0.27471078663239074 0.09320055384615385 0.21376643059125963 0.15481009615384614 0.12429304370179949 0.22872592692307692 0.1097999678663239 0.2553946788461538 0.11633905398457585 0.2652376961538461 0.13229058611825192 0.2689530134615385 0.13893995372750645 0.2473906807692308 0.27584998071979433 0.12535914615384616 0.2962987583547558 0.09637978461538461