0 0.6225573230088496 0.5335113561946903 0.6565711784660767 0.5311176615044247 0.6762915855457227 0.5034970663716813 0.6830896194690266 0.46530302212389385 0.67885851179941 0.4486888008849557 0.6845853112094396 0.43718729646017696 0.8023873480825959 0.3713867367256637 0.7945611548672565 0.3406557544247788 0.747768778761062 0.36393980088495576 0.728368395280236 0.38663724336283184 0.6825809174041298 0.41695710398230085 0.669547383480826 0.4183067345132743 0.6590673171091446 0.3956941946902655 0.6395759587020649 0.3840455796460177 0.6043931666666666 0.39420880309734513 0.5918817920353983 0.41305825884955755 0.5843460044247788 0.44217559513274335 0.5846525722713865 0.4680985376106194 0.5940681327433628 0.5019805685840708 0.6225573230088496 0.5335113561946903
0 0.47474820058997047 0.03962877433628319 0.4924305707964602 0.06889322123893805 0.5162641961651918 0.08523297787610619 0.5340644572271387 0.087151296460177 0.5608827359882006 0.06268264380530973 0.5665269926253688 0.03957962831858407 0.47320856194690264 0.03306006415929204 0.47474820058997047 0.03962877433628319
0 0.6871823820058997 0.0704181238938053 0.6022875707964602 0.12020992699115045 0.5813982256637168 0.15560005088495574 0.5737849233038348 0.11952523672566372 0.569964814159292 0.1323339225663717 0.5790603495575221 0.1711391039823009 0.5856293333333333 0.17221426991150443 0.6070475678466077 0.13890092699115045 0.6805864837758112 0.1310351482300885 0.7353054513274336 0.10797737831858406 0.7227465825958702 0.058662676991150436 0.6871823820058997 0.0704181238938053
0 0.6103759306784661 0.2817458982300885 0.5973356681415929 0.2985185774336283 0.5994512227138643 0.306825685840708 0.6627189351032449 0.28334729867256636 0.7069062890855458 0.27764320132743364 0.7705101017699115 0.24621488495575222 0.7580916017699114 0.1974513716814159 0.6955907669616519 0.2270309424778761 0.6569011622418879 0.26050274557522124 0.6103759306784661 0.2817458982300885
0 0.7081495132743363 0.5853345420353983 0.6933002625368732 0.6197230530973451 0.6560996194690265 0.6405021769911504 0.6882067831858407 0.6368013008849557 0.7154562492625369 0.5954864159292035 0.7583769631268437 0.5786288318584071 0.8221870221238938 0.5263811283185841 0.8390521843657818 0.515357935840708 0.830020215339233 0.47989225663716817 0.7629550103244838 0.5286277146017699 0.7081495132743363 0.5853345420353983
0 0.8651503982300884 0.6178373561946904 0.7922392831858407 0.6806965022123894 0.7531184911504425 0.7310145398230088 0.7090422979351033 0.7247955553097345 0.7038443879056048 0.7383738384955753 0.7100866179941002 0.7597952057522124 0.7485269867256638 0.8118617544247788 0.7181378348082595 0.7636007367256638 0.7127445176991151 0.7393329977876106 0.7554429100294985 0.7463215796460178 0.8036659660766962 0.7193856769911504 0.874614529498525 0.6549999977876106 0.8651503982300884 0.6178373561946904
0 0.798936383480826 0.8738481637168142 0.7360863982300885 0.9113264092920353 0.7269706755162242 0.9187903672566372 0.7263306268436578 0.9286366725663717 0.7389397035398231 0.9287102256637167 0.8084698333333333 0.880384064159292 0.8343280398230088 0.8706848694690265 0.9089335147492625 0.7897597831858407 0.9011710855457228 0.7592791836283186 0.8350927079646018 0.818069389380531 0.798936383480826 0.8738481637168142
0 0.08036346017699116 0.295502814159292 0.07860332448377581 0.3225801504424779 0.08111554424778761 0.33244484513274336 0.0900923156342183 0.3398847411504425 0.11287489528023599 0.33664789159292036 0.21853443215339233 0.29423514380530974 0.2520193982300885 0.28976467035398235 0.4746809115044248 0.19385924336283183 0.4953479351032448 0.18231528539823008 0.4983191312684366 0.1723529734513274 0.4956746887905604 0.16196908628318582 0.4857167817109144 0.15685637168141592 0.16503594837758112 0.26955717699115045 0.10272830973451327 0.27826610840707966 0.08036346017699116 0.295502814159292
0 0.13155448230088496 0.5088733185840708 0.12858328613569323 0.5188356305309734 0.1351650088495575 0.5446799712389381 0.14435896607669615 0.5467928960176991 0.19607537758112095 0.5273945088495575 0.3277042817109145 0.463359482300885 0.45551980678466075 0.39671009734513274 0.5364968038348084 0.3408039690265487 0.5333234749262538 0.3283433053097345 0.5252722566371681 0.3245377699115044 0.4778981150442478 0.34862729646017704 0.46094676696165193 0.34386260398230084 0.4005323598820059 0.3847248097345133 0.15975056194690265 0.4836350707964602 0.13155448230088496 0.5088733185840708
0 0.5574031061946902 0.5094134247787611 0.541405104719764 0.5053023207964602 0.20108810914454278 0.6953928230088496 0.17929046902654866 0.7179466769911503 0.1890457654867257 0.756252639380531 0.46465248672566367 0.5932457168141593 0.48956407522123896 0.5674698849557522 0.5515651460176991 0.532838011061947 0.5574031061946902 0.5094134247787611
0 0.2550347345132743 0.9072241327433629 0.23277431710914454 0.9279608053097346 0.24321208702064898 0.9689466194690265 0.2570256696165192 0.958300418141593 0.31880442035398227 0.9475147101769912 0.3424493702064897 0.9105853938053098 0.43593101327433625 0.8512528561946903 0.5646089100294985 0.7509110022123894 0.5739469542772861 0.7196008805309734 0.5951428657817109 0.7101336991150443 0.6334147433628319 0.6626620353982301 0.658653087020649 0.6165400044247787 0.6283347241887905 0.6488941924778762 0.5076170722713864 0.7186955221238938 0.2550347345132743 0.9072241327433629
0 0.5274134719764012 1 0.6016176460176992 0.9271315221238938 0.6362850073746312 0.8840454292035398 0.6530409483775811 0.8509640973451327 0.7033930162241888 0.8014892146017699 0.709968727138643 0.7871413318584072 0.6958774159292036 0.7843374092920354 0.669268 0.8158059911504425 0.6182893407079646 0.8442810884955751 0.5553281946902655 0.8936824159292036 0.43941738938053093 1 0.5274134719764012 1