0 0.59 0.1625 0.59625 0.12916666666666668 0.60625 0.11583333333333333 0.61125 0.08416666666666667 0.62375 0.0575 0.631875 0 0.62375 0.005833333333333334 0.61375 0.034166666666666665 0.5675 0.1825 0.5625 0.21416666666666667 0.58125 0.17083333333333334 0.59 0.1625
0 0.565625 0.795 0.56125 0.8025 0.565 0.9991666666666666 0.58125 0.9991666666666666 0.5725 0.8058333333333333 0.565625 0.795
0 0.625 0.18083333333333335 0.62875 0.1525 0.6375 0.1375 0.6475 0.08583333333333333 0.65375 0.07583333333333334 0.668125 0 0.6575 0.0008333333333333334 0.63625 0.08416666666666667 0.6275 0.09416666666666666 0.63125 0.1075 0.59625 0.22916666666666666 0.60125 0.23083333333333333 0.61625 0.19083333333333333 0.625 0.18083333333333335
0 0.48375 0.8408333333333333 0.475 0.7975 0.459375 0.79 0.455 0.7958333333333333 0.46625 0.8108333333333333 0.47 0.8641666666666666 0.45625 0.9358333333333333 0.4525 0.9991666666666666 0.47 0.9991666666666666 0.47625 0.8791666666666667 0.48375 0.8408333333333333
0 0.4925 0.1325 0.49 0.0575 0.4825 0.0008333333333333334 0.469375 0 0.47375 0.1225 0.4825 0.16916666666666666 0.48625 0.2275 0.4925 0.2325 0.48875 0.18916666666666668 0.4925 0.1325
0 0.62 0.8125 0.625 0.7908333333333334 0.635 0.7841666666666667 0.626875 0.7783333333333333 0.61125 0.7925 0.60875 0.8108333333333333 0.625 0.8558333333333333 0.6275 0.9208333333333333 0.64 0.9991666666666666 0.65875 0.9991666666666666 0.63625 0.8525 0.62 0.8125
0 1 0.5958333333333333 0.894375 0.5816666666666667 0.830625 0.585 0.8025 0.6008333333333333 0.80125 0.6175 0.80625 0.6191666666666666 0.814375 0.6 0.829375 0.595 0.989375 0.6166666666666667 1 0.6158333333333333 1 0.5958333333333333
0 0.38 0.8008333333333333 0.39 0.7858333333333334 0.384375 0.7683333333333333 0.37875 0.7691666666666667 0.38125 0.7841666666666667 0.36 0.8275 0.3325 0.8675 0.26875 0.9975 0.28375 0.9991666666666666 0.35 0.8825 0.38 0.8008333333333333
0 0.42625 0.1875 0.42625 0.1625 0.414375 0.145 0.38875 0.1325 0.361875 0.04 0.36125 0.0625 0.3825 0.13416666666666666 0.37 0.16583333333333333 0.37 0.18583333333333332 0.384375 0.20833333333333334 0.40875 0.21083333333333334 0.419375 0.205 0.42625 0.1875
0 0.228125 0.5083333333333333 0.200625 0.5116666666666667 0.159375 0.5016666666666667 0 0.4975 0.000625 0.5133333333333333 0.014375 0.515 0.148125 0.525 0.226875 0.5183333333333333 0.24125 0.5241666666666667 0.240625 0.5133333333333333 0.228125 0.5083333333333333
0 0.219375 0.6666666666666666 0.265625 0.6616666666666666 0.28 0.6491666666666667 0.259375 0.655 0.173125 0.655 0 0.6775 0.000625 0.6933333333333334 0.015 0.6925 0.175625 0.68 0.219375 0.6666666666666666
0 0.730625 0.245 0.780625 0.2 0.78875 0.1825 0.770625 0.19 0.728125 0.22833333333333333 0.700625 0.21333333333333335 0.680625 0.21666666666666667 0.668125 0.22833333333333333 0.66125 0.24583333333333332 0.66625 0.2775 0.680625 0.2916666666666667 0.7025 0.2925 0.71875 0.2808333333333333 0.730625 0.245
0 0.294375 0.33 0.263125 0.31833333333333336 0.211875 0.27166666666666667 0 0.14416666666666667 0.000625 0.16333333333333333 0.089375 0.21666666666666667 0.220625 0.31 0.290625 0.335 0.29875 0.3591666666666667 0.30125 0.3458333333333333 0.294375 0.33
0 0.849375 0.7283333333333334 0.804375 0.6966666666666667 0.779375 0.67 0.765 0.6691666666666667 0.809375 0.715 0.833125 0.7483333333333333 1 0.9058333333333334 0.996875 0.875 0.849375 0.7283333333333334
0 0.285625 0.77 0.310625 0.7633333333333333 0.33 0.7325 0.323125 0.73 0.314375 0.7516666666666667 0.236875 0.775 0.090625 0.865 0.008125 0.9083333333333333 0 0.9141666666666667 0.00125 0.9291666666666667 0.214375 0.8183333333333334 0.285625 0.77
0 0.28 0.4191666666666667 0.265625 0.4116666666666667 0.236875 0.42333333333333334 0.226875 0.42 0 0.24416666666666667 0.000625 0.27 0.128125 0.36833333333333335 0.215625 0.4266666666666667 0.234375 0.455 0.2475 0.4558333333333333 0.275625 0.43666666666666665 0.28 0.4191666666666667
0 0.796875 0.37 0.998125 0.21833333333333332 1 0.19583333333333333 0.770625 0.35833333333333334 0.703125 0.41833333333333333 0.694375 0.41833333333333333 0.6925 0.4275 0.7025 0.43083333333333335 0.741875 0.3983333333333333 0.796875 0.37
0 0.89625 1 0.90375 0.9991666666666666 0.841875 0.915 0.72 0.7808333333333334 0.72125 0.7391666666666666 0.71625 0.7158333333333333 0.701875 0.7016666666666667 0.686875 0.705 0.675 0.7325 0.6825 0.7775 0.691875 0.7883333333333333 0.713125 0.7883333333333333 0.871875 0.9883333333333333 0.883125 1 0.89625 1
0 0.998125 0.37166666666666665 1 0.3375 0.870625 0.4216666666666667 0.748125 0.5266666666666666 0.739375 0.5466666666666666 0.879375 0.43333333333333335 0.936875 0.39666666666666667 0.941875 0.38666666666666666 0.958125 0.38166666666666665 0.965625 0.37166666666666665 0.975 0.37583333333333335 0.959375 0.38333333333333336 0.926875 0.42333333333333334 0.921875 0.41833333333333333 0.909375 0.43833333333333335 0.879375 0.4666666666666667 0.874375 0.46 0.848125 0.49666666666666665 0.763125 0.5733333333333334 0.755 0.5875 0.75875 0.5891666666666666 0.890625 0.47833333333333333 0.998125 0.37166666666666665
0 0.295 0.23083333333333333 0.2925 0.21416666666666667 0.27875 0.19916666666666666 0.28 0.1825 0.270625 0.18166666666666667 0.26125 0.1675 0.265 0.1625 0.26375 0.1425 0.255625 0.14833333333333334 0.2475 0.13916666666666666 0.2525 0.12583333333333332 0.248125 0.12666666666666668 0.248125 0.12 0.2375 0.12083333333333333 0.215 0.07416666666666667 0.214375 0.06333333333333334 0.2325 0.07583333333333334 0.24875 0.10916666666666666 0.26 0.12083333333333333 0.26125 0.1325 0.268125 0.135 0.28375 0.16083333333333333 0.2925 0.18083333333333335 0.29 0.1975 0.303125 0.195 0.370625 0.3 0.3625 0.2675 0.2675 0.09916666666666667 0.204375 0.011666666666666667 0.194375 0.0016666666666666668 0.180625 0 0.25125 0.1725 0.30625 0.27416666666666667 0.32 0.30916666666666665 0.33875 0.33416666666666667 0.3225 0.2758333333333333 0.295 0.23083333333333333